light_voltage,trap_assisted_recomb_A,ge_sio2_recomb_velocity,ge_si_recomb_velocity,active_layer_length,simulation_temperature,net_photocurrent,_curve_id,split,actual,prediction,abs_error,bayesian_teacher_mean
-2.0,1.066709170571727e-09,2302.646144768272,474.8978179470865,37.69553984942066,294.1521471075916,0.0005097376687749155,3765765162242439701,train,-3.2926532715778474,-3.287652,0.005001255891812217,-3.2908294200897217
-0.4,1.0728366895058958e-09,2396.471193900285,522.5703607996403,39.66536493364173,302.3426017448898,0.00047434245289441635,10539271283961051071,train,-3.3239080049439167,-3.3212905,0.002617511932442085,-3.3224081993103027
-1.2000000000000002,1.0806933086411387e-09,2604.781653428076,466.5836923998952,39.33731057072893,297.69705044733973,0.0004974542674632956,3371631208540637995,train,-3.3032468391419063,-3.3037546,0.0005077289580692756,-3.3046631813049316
-0.6000000000000001,8.979123523428992e-10,2531.360993910196,491.918494232159,35.793021097389925,308.86985058095934,0.0004757738828532225,579736006479800074,train,-3.3225994018196467,-3.3366842,0.014084825170099347,-3.327810764312744
-2.4000000000000004,8.241763212999094e-10,2472.357675267654,473.84577322091,39.21856251436128,307.7679942040925,0.0005108176183862652,14456930291123660273,train,-3.2917341320899456,-3.2905626,0.0011715023902385546,-3.2948122024536133
-2.8000000000000003,1.0191682032973931e-09,2560.240612715575,475.6482256289376,41.11142736058992,291.8506686301862,0.0005221284694972311,14547390297170085011,train,-3.282222625869037,-3.2724628,0.009759781020404201,-3.278386354446411
-1.4,1.0060692139373963e-09,2527.3807724384133,522.7157534573084,43.167246359099664,298.50956140834,0.000515204186238505,1367897570274288222,train,-3.288020616818865,-3.2933114,0.005290740679304129,-3.283963680267334
-2.0,1.1064539714677527e-09,2488.434465234489,500.4335716276796,41.129719458135625,288.0815978442095,0.0005137974748424007,4253972365711734043,train,-3.2892080344891084,-3.2815733,0.007634738895846649,-3.28641414642334
-0.4,9.595802013951228e-10,2610.2949574222403,489.9218602044182,42.219532217947325,302.0841812978663,0.00046993061477010133,11643629726484600332,train,-3.3279662608876337,-3.329456,0.0014898300394903252,-3.324471950531006
-0.4,9.89963136259949e-10,2542.7024133885266,503.0087467521194,39.0211226249472,305.0510216058231,0.00045870997626210313,380264510751012186,train,-3.3384618145040172,-3.336394,0.002067742925037752,-3.3293397426605225
-1.8,1.0147448677929011e-09,2607.8117384734032,505.1107398178068,40.31257836583995,298.21936914217434,0.000510280019678387,833253205382390921,train,-3.2921914363969558,-3.2936044,0.001412937534928993,-3.2938761711120605
-1.2000000000000002,8.979123523428992e-10,2531.360993910196,491.918494232159,35.793021097389925,308.86985058095934,0.0004952289467237046,579736006479800074,train,-3.305193978214594,-3.311411,0.006216925716070243,-3.3109288215637207
-1.4,8.584521018906483e-10,2718.2749419682723,482.1832227724541,38.88005077046229,301.691940704981,0.0004904357870221313,3494250555080783753,train,-3.309417846933424,-3.3021505,0.007267359033643839,-3.3088502883911133
-0.2,8.758150413106088e-10,2554.792538970499,492.8309420700668,37.207464786418186,297.95471711920453,0.0004470108236151441,14100953261967155807,train,-3.3496819610304307,-3.3451588,0.004523145646519566,-3.3439724445343018
-2.2,1.0455070732925304e-09,2552.705145034877,518.1497095238773,37.60227540602951,298.4772867617408,0.0005027179215562952,13753303497944442308,train,-3.2986756321893287,-3.2921524,0.006523227404172438,-3.2928824424743652
-0.2,1.018423641836786e-09,2420.2103352289205,495.3862399264609,39.18777263938059,307.5354074756815,0.00045054446822408086,9985116505034206452,train,-3.3462623382004435,-3.3376284,0.008633973637455217,-3.3371338844299316
-1.8,9.304065850268983e-10,2472.4930947482308,495.539662311,41.9345213676303,296.5403011366731,0.0005143263444010235,1906069974405082520,train,-3.288761230034399,-3.288261,0.0005002932973385832,-3.292438268661499
-2.2,1.0071535471770136e-09,2369.635821802133,538.5091665951578,40.65637295368661,296.23853018587084,0.0005285395135460215,6305389621858259219,train,-3.276922539343267,-3.2813478,0.004425212274164814,-3.2775259017944336
-2.2,1.1774606839117e-09,2487.5677489208106,509.6158544320055,42.33569419095241,299.8381908200232,0.000517330876881308,14988660033747214345,train,-3.286231599961331,-3.2862215,1.0095749905403295e-05,-3.2838451862335205
-0.6000000000000001,1.0050101529814667e-09,2449.206992526188,478.70441149946606,40.80112322251315,299.2329513672896,0.00048314703984638223,15255519671477510073,train,-3.3159206769593994,-3.3174326,0.001511965023632822,-3.3135788440704346
-1.2000000000000002,7.516487326049726e-10,2475.0294016619155,481.8667099014746,36.16652897024234,304.10393187120707,0.0004833716184136756,4556256472297801959,train,-3.3157188531592046,-3.3110776,0.004641258402124482,-3.3121302127838135
-1.4,9.596807973870107e-10,2396.380469719385,547.2442070596833,39.34847113068841,298.5552181462747,0.0005048420254885106,16164245777420927440,train,-3.296844499488824,-3.2921288,0.004715698142998992,-3.2901594638824463
-0.8,9.344027379399094e-10,2510.734791451186,511.4018674256231,36.36815079533651,301.4558439858307,0.0004654217937435244,13370015301709921327,train,-3.3321532843906114,-3.3243873,0.0077659724551866205,-3.326899290084839
-1.8,1.0727510291740675e-09,2408.6350240081065,515.7307920217833,36.322106531247385,300.55707391972635,0.0004930359064280735,16501516911797089168,train,-3.3071214511168248,-3.298702,0.008419449545169488,-3.2997756004333496
-1.0,8.75983736068783e-10,2627.978517028968,489.37942559949954,40.91913452211564,297.20307373531364,0.0004854564210266621,5144607327742428380,train,-3.3138497502196462,-3.30629,0.007559838949504627,-3.3060855865478516
-2.8000000000000003,1.1762312017058683e-09,2610.23254556298,515.3751788116352,39.24041391228537,297.93305834844136,0.0005191868177083972,7155552337602576564,train,-3.284676342920285,-3.281144,0.0035324391879854034,-3.2816288471221924
-0.2,1.075576112436465e-09,2439.1914792405805,507.5653121861305,41.43318212059344,299.0815860986159,0.0004580234181150583,8793357247245534573,train,-3.3391123165416685,-3.3274062,0.011706148557659724,-3.3335447311401367
-2.4000000000000004,8.758150413106088e-10,2554.792538970499,492.8309420700668,37.207464786418186,297.95471711920453,0.0005082904240127671,14100953261967155807,train,-3.2938880721536585,-3.2904015,0.0034866134134241555,-3.2942185401916504
-0.8,1.2307353848142815e-09,2445.249484887284,482.48119148575233,42.87746783295031,307.55593866537106,0.0004913861521330746,15038946426069692038,train,-3.3085770866368347,-3.311194,0.002616856386846944,-3.3089945316314697
-2.8000000000000003,1.0941860864671191e-09,2539.112215454232,503.69324532533454,39.339075937042885,294.39428351617613,0.0005271956005623655,12823118457006761398,train,-3.278028222578425,-3.2805455,0.0025172505203299167,-3.2792422771453857
-2.2,8.584521018906483e-10,2718.2749419682723,482.1832227724541,38.88005077046229,301.691940704981,0.0005059581129829398,3494250555080783753,train,-3.2958854358348217,-3.2876055,0.00827991177171139,-3.298739194869995
-0.8,9.244750759855351e-10,2606.766252024905,514.7015322051607,39.36697999872778,300.425811364213,0.00048202001111866425,13867644369009061341,train,-3.3169349315992998,-3.3178306,0.0008956309922529826,-3.3207592964172363
-2.2,8.979123523428992e-10,2531.360993910196,491.918494232159,35.793021097389925,308.86985058095934,0.0005155590222610388,579736006479800074,train,-3.287721608605565,-3.294306,0.006584431204615715,-3.2968976497650146
-2.8000000000000003,9.596807973870107e-10,2396.380469719385,547.2442070596833,39.34847113068841,298.5552181462747,0.0005274955531012339,16164245777420927440,train,-3.2777811972089164,-3.2807214,0.002940228801215472,-3.2753171920776367
-1.4,8.75983736068783e-10,2627.978517028968,489.37942559949954,40.91913452211564,297.20307373531364,0.0004960177481239498,5144607327742428380,train,-3.3045027836420715,-3.2982635,0.006239233837384006,-3.298269271850586
-1.4,9.979877857013674e-10,2496.537246315292,510.00187244466247,38.795972505421744,297.7961123434831,0.0004945628113973323,1378160361063041439,train,-3.305778543478446,-3.299668,0.006110469824271103,-3.301970958709717
-1.4,9.798133860644783e-10,2446.0111249981446,493.4775434169566,39.325337668236735,299.6111127589073,0.0005053974794024896,7157631882990673600,train,-3.2963669283922017,-3.298632,0.0022649781171977246,-3.2957565784454346
-2.6,1.2225799825820127e-09,2598.953191343567,516.8045118894966,39.85430360518959,306.74502895459364,0.0005133466421105078,17234994038809733169,train,-3.289589274428206,-3.2840066,0.005582678816633546,-3.2894773483276367
-1.0,8.762920771795992e-10,2597.67569731618,502.646286170094,38.978559546027874,295.06946514256083,0.0004766625035605118,2033506848451370756,train,-3.3217890103075924,-3.3094776,0.012311442634862946,-3.3137896060943604
-1.2000000000000002,9.756514716409811e-10,2404.497548871577,500.9208966540563,41.62971960161597,300.52976098251094,0.0005069572054475994,7311808897764695838,train,-3.2950286998824065,-3.2954855,0.00045679663858955166,-3.29587459564209
-2.0,8.4981307882089e-10,2622.111610500832,493.1418777793542,40.32755095458103,299.70047987606006,0.0005127299903511734,5127878088967066821,train,-3.2901112792767804,-3.2908547,0.0007434131823260692,-3.2943201065063477
-2.8000000000000003,8.758150413106088e-10,2554.792538970499,492.8309420700668,37.207464786418186,297.95471711920453,0.0005135037577115024,14100953261967155807,train,-3.2894563739802396,-3.2888508,0.0006055896784817882,-3.290536880493164
-1.4,9.85546704036472e-10,2573.0239327697072,479.3922741661716,39.9154735600532,295.8292447353602,0.0004933109604179298,12112510911978131146,train,-3.3068792352450425,-3.2975795,0.009299708343797342,-3.300699472427368
-1.0,1.1774606839117e-09,2487.5677489208106,509.6158544320055,42.33569419095241,299.8381908200232,0.0004920513748395169,14988660033747214345,train,-3.30798955039425,-3.3004723,0.007517290872765425,-3.304435968399048
-2.4000000000000004,1.0203477325736783e-09,2420.870896846657,485.827773341465,41.83782044136868,301.83723728961854,0.0005331998596751334,4106527973129540887,train,-3.273109973553608,-3.284474,0.011363922473003107,-3.279466152191162
-2.6,9.60969170700449e-10,2766.6918918406623,529.8468751484584,39.61181207182135,297.3307652107198,0.0005171169370618898,6563696386679920944,train,-3.2864112376058894,-3.2836924,0.002718877681572973,-3.284513473510742
-2.8000000000000003,9.60969170700449e-10,2766.6918918406623,529.8468751484584,39.61181207182135,297.3307652107198,0.0005197481608988002,6563696386679920944,train,-3.28420703872168,-3.281269,0.002937965235351836,-3.2812795639038086
-2.6,8.89459518994858e-10,2383.601346469497,502.4892009812192,38.55163090195673,309.2198732722366,0.0005186112824220741,3483175946691254694,train,-3.2851580393592816,-3.2896233,0.004465221138765241,-3.2895150184631348
-0.6000000000000001,9.756514716409811e-10,2404.497548871577,500.9208966540563,41.62971960161597,300.52976098251094,0.0004875609274237384,7311808897764695838,train,-3.311971105523271,-3.3105426,0.0014285220576946145,-3.3122715950012207
-0.4,9.596807973870107e-10,2396.380469719385,547.2442070596833,39.34847113068841,298.5552181462747,0.0004724404434974387,16164245777420927440,train,-3.32565293147355,-3.3179069,0.007746074936684888,-3.3167271614074707
-0.6000000000000001,1.1064539714677527e-09,2488.434465234489,500.4335716276796,41.129719458135625,288.0815978442095,0.00047900874044456455,4253972365711734043,train,-3.319656561967041,-3.304398,0.015258502122070361,-3.31408953666687
-2.0,1.1942019403763875e-09,2464.50260258804,490.2741317287723,40.32854625878799,294.3650499716886,0.0005189269288869853,11892504857466714026,train,-3.2848937916994303,-3.2856734,0.0007795881986409903,-3.286729574203491
-0.6000000000000001,1.0671658198705112e-09,2444.626831258547,492.08006432381046,41.193035529790656,301.7038514591378,0.00047409310368885175,10743645008157788724,train,-3.32413636202266,-3.3172045,0.0069318866198280205,-3.316157341003418
0.0,9.50582857470194e-10,2403.738957653681,492.6388454667692,37.10727035463277,300.4554170460457,0.0004443704890668,9184494546452176042,train,-3.3522547905525224,-3.3519254,0.0003294174751298229,-3.352544069290161
-1.2000000000000002,8.758150413106088e-10,2554.792538970499,492.8309420700668,37.207464786418186,297.95471711920453,0.0004855398946364458,14100953261967155807,train,-3.3137750802592807,-3.3083527,0.005422371442752372,-3.3094425201416016
0.0,1.1459805246638944e-09,2630.825732937456,497.4739907663986,41.26661222078493,300.2753689300697,0.0004356814079796,12849312948239067464,train,-3.3608309725043335,-3.3610055,0.00017457215814209448,-3.3532862663269043
-2.6,9.244750759855351e-10,2606.766252024905,514.7015322051607,39.36697999872778,300.425811364213,0.0005199459373802909,13867644369009061341,train,-3.2840418108229357,-3.2826414,0.001400399995298951,-3.2910473346710205
-1.4,9.926993823896762e-10,2332.1716999604114,489.929360905385,39.90607827400121,296.137708789732,0.000498169800944203,8562678507013604755,train,-3.302622602935216,-3.290589,0.012033508773228618,-3.2946557998657227
-1.6,1.0728366895058958e-09,2396.471193900285,522.5703607996403,39.66536493364173,302.3426017448898,0.0005110466551022872,10539271283961051071,train,-3.2915394499072566,-3.2927566,0.0012171075573430556,-3.2923595905303955
-2.2,9.798133860644783e-10,2446.0111249981446,493.4775434169566,39.325337668236735,299.6111127589073,0.0005201302039588079,7157631882990673600,train,-3.283887926014111,-3.2875264,0.0036384430807374635,-3.28633451461792
-2.8000000000000003,1.006938037138553e-09,2476.033687734913,499.8883185243343,35.52248114367448,306.4489109295662,0.0005177483430269328,11533471517763731933,train,-3.2858812823242465,-3.295569,0.009687660699435163,-3.2897186279296875
-2.4000000000000004,1.066709170571727e-09,2302.646144768272,474.8978179470865,37.69553984942066,294.1521471075916,0.0005154986001520508,3765765162242439701,train,-3.287772509715218,-3.2844524,0.0033200713607257626,-3.286668062210083
-0.2,1.2307353848142815e-09,2445.249484887284,482.48119148575233,42.87746783295031,307.55593866537106,0.0004637480473733956,15038946426069692038,train,-3.3337179059844337,-3.33324,0.0004778737883888162,-3.3347620964050293
-1.8,1.0308127820747194e-09,2437.7200106987866,482.5972990901911,40.648465379108416,299.4728047413536,0.0005210182118586139,18026431441542812131,train,-3.283147095949099,-3.2916443,0.008497238843991894,-3.2869317531585693
-1.4,9.244750759855351e-10,2606.766252024905,514.7015322051607,39.36697999872778,300.425811364213,0.0004989600340636803,13867644369009061341,train,-3.301934239307919,-3.3016295,0.0003046960034756019,-3.3057894706726074
-1.4,9.50582857470194e-10,2403.738957653681,492.6388454667692,37.10727035463277,300.4554170460457,0.0005014888189072165,9184494546452176042,train,-3.2997387454771223,-3.3024495,0.002710719320851318,-3.301438808441162
-1.4,1.1942019403763875e-09,2464.50260258804,490.2741317287723,40.32854625878799,294.3650499716886,0.0005074369181230273,11892504857466714026,train,-3.2946179392549007,-3.2933412,0.0012767794343440109,-3.294581174850464
-2.0,1.0308127820747194e-09,2437.7200106987866,482.5972990901911,40.648465379108416,299.4728047413536,0.0005245699997999089,18026431441542812131,train,-3.2801965503714965,-3.2889316,0.008735057828576753,-3.2847321033477783
-2.0,9.60969170700449e-10,2766.6918918406623,529.8468751484584,39.61181207182135,297.3307652107198,0.0005078865028194075,6563696386679920944,train,-3.2942333284766603,-3.2931728,0.0010604921729493455,-3.2934117317199707
-2.0,1.0692616090001279e-09,2445.881237248077,515.6238842072526,38.37558042728467,295.9516778251947,0.0005125146624869076,2860266914913243763,train,-3.290293705401836,-3.2910292,0.0007355094571726006,-3.291363477706909
-3.0,8.979123523428992e-10,2531.360993910196,491.918494232159,35.793021097389925,308.86985058095934,0.0005263564766764987,579736006479800074,train,-3.2787200288179044,-3.2931466,0.014426581442105402,-3.288573980331421
-2.0,9.16382362452114e-10,2549.3338723326283,483.7915671011157,41.484417545989686,302.7283665488111,0.0005083297901445709,779010489516208886,train,-3.29385443817002,-3.2931578,0.0006966222367923436,-3.2937161922454834
-1.8,1.0025105539620802e-09,2526.9743060678943,509.1946075584183,40.75166342427999,301.0515477079729,0.0005100992856128824,15180030701036252205,train,-3.2923452846919075,-3.294,0.001654625662706799,-3.2908287048339844
-2.0,8.75983736068783e-10,2627.978517028968,489.37942559949954,40.91913452211564,297.20307373531364,0.0005079455958825427,5144607327742428380,train,-3.294182800852459,-3.2891958,0.0049870248667414074,-3.2913355827331543
-2.8000000000000003,1.0933784852654091e-09,2410.884334287086,539.0569290920441,39.62193192256099,289.3285700165644,0.0005286205893597778,16519722322841066187,train,-3.2768559254434377,-3.279937,0.0030811034414499616,-3.2707786560058594
-2.6,9.143704143090119e-10,2444.5179463100326,473.4138143725302,40.94136333558407,299.94201571725745,0.0005187949970403713,11714911050137312102,train,-3.2850042206531778,-3.2791507,0.005853496242167022,-3.283686876296997
-0.8,9.74908016407874e-10,2433.9347159425315,536.1873069142775,40.58953669016749,293.2225739384997,0.0004996383334605511,18393380424088899902,train,-3.3013442488973106,-3.301819,0.0004748371775185056,-3.296853542327881
-3.0,9.123213222215395e-10,2625.69228411366,506.617977618184,38.92442853409919,306.1252360546967,0.0005133769611964495,2928394120619732261,train,-3.289563625048602,-3.278821,0.010742633532488721,-3.2893693447113037
-0.8,8.354324428057497e-10,2430.182491588309,507.603602235917,36.73791801396338,295.61725668807514,0.00047576018205355337,10829525609740651031,train,-3.3226119083223855,-3.3202825,0.002329449063352307,-3.319164752960205
-1.0,1.0040157435828723e-09,2421.1156291426087,502.3421578152334,38.33334239027114,293.10089722857373,0.0004962122707355068,12886194249589357920,train,-3.3043325003483166,-3.3053243,0.0009918156764636699,-3.30539870262146
-1.0,1.0941860864671191e-09,2539.112215454232,503.69324532533454,39.339075937042885,294.39428351617613,0.0004940958488375093,12823118457006761398,train,-3.3061887948345996,-3.3066092,0.00042035891295899575,-3.3054938316345215
-1.4,1.1459805246638944e-09,2630.825732937456,497.4739907663986,41.26661222078493,300.2753689300697,0.0004939315142708849,12849312948239067464,train,-3.3063332637001266,-3.300563,0.00577016670000452,-3.3002662658691406
-1.0,1.0308127820747194e-09,2437.7200106987866,482.5972990901911,40.648465379108416,299.4728047413536,0.0005021912271206168,18026431441542812131,train,-3.2991308783343376,-3.304297,0.0051660920330940385,-3.3000361919403076
-2.2,1.0050965165320695e-09,2414.3235243349927,515.5034020410067,40.79653471954481,301.4383600393062,0.0005221355272253352,18237334030368139870,train,-3.282216755452399,-3.286528,0.004311355051751509,-3.282531261444092
-2.2,9.612679185080118e-10,2493.7557151613,504.62150372842615,37.39117268896573,297.8667082132286,0.0005029309106813684,433422742429117681,train,-3.29849167134705,-3.2919743,0.006517365240482409,-3.29317045211792
-2.2,9.89963136259949e-10,2542.7024133885266,503.0087467521194,39.0211226249472,305.0510216058231,0.000506482486580175,380264510751012186,train,-3.2954355673088136,-3.2907474,0.004688163210302854,-3.2912487983703613
-2.4000000000000004,9.595802013951228e-10,2610.2949574222403,489.9218602044182,42.219532217947325,302.0841812978663,0.0005222928056227595,11643629726484600332,train,-3.282085956356871,-3.2851899,0.003103910662782372,-3.2830426692962646
-1.6,1.000072357945733e-09,2615.067429542859,502.8265147659643,41.97319841319997,303.92619603855775,0.0005083592304963704,2056914843148536795,train,-3.2938292863643532,-3.3002877,0.0064584371769065285,-3.2977077960968018
-2.8000000000000003,1.1396379394271226e-09,2408.4924726992253,490.0725825278824,43.06550150160359,292.35304316269765,0.0005398389635600943,10954724855113224492,train,-3.2677357728946217,-3.265031,0.0027046735751636852,-3.2671124935150146
0.0,1.0352580576007263e-09,2678.9547588546675,473.131828680381,34.826156523967086,290.8089263982084,0.0004253449923396,603198139025932464,train,-3.3712586758532748,-3.3660016,0.0052570698657259385,-3.3627350330352783
-2.0,9.603042271636284e-10,2438.0715583385486,503.6957420101608,43.08491203323523,298.5763734449834,0.000525800877587153,2124884718484563516,train,-3.2791786933705085,-3.2861524,0.006973669452977838,-3.280731678009033
-3.0,1.0692616090001279e-09,2445.881237248077,515.6238842072526,38.37558042728467,295.9516778251947,0.0005260011418821663,2860266914913243763,train,-3.2790133130466685,-3.2844126,0.005399309405113684,-3.279428482055664
0.0,1.0942344693420075e-09,2360.838758300681,491.3731844386217,39.51420947268076,305.7035776891924,0.0004495261188244,3134241803077969267,train,-3.3472450693773252,-3.3429506,0.004294486873052783,-3.346911907196045
-0.4,8.762920771795992e-10,2597.67569731618,502.646286170094,38.978559546027874,295.06946514256083,0.00045472809280532473,2033506848451370756,train,-3.342248214535919,-3.331682,0.010566247754302704,-3.334070920944214
-2.2,9.928313705154955e-10,2556.196978076177,523.0189213691006,40.51326020590248,298.8914974420704,0.0005208647739855379,903425415547655004,train,-3.2832750128514365,-3.2873254,0.0040503693812294905,-3.284406900405884
-2.6,9.926993823896762e-10,2332.1716999604114,489.929360905385,39.90607827400121,296.137708789732,0.0005178564378436795,8562678507013604755,train,-3.2857906203584597,-3.2771275,0.008663116009704819,-3.279527425765991
-1.2000000000000002,1.0191682032973931e-09,2560.240612715575,475.6482256289376,41.11142736058992,291.8506686301862,0.0004943603930770455,14547390297170085011,train,-3.3059563311172973,-3.2947097,0.011246648652697644,-3.301330089569092
-2.6,1.0933784852654091e-09,2410.884334287086,539.0569290920441,39.62193192256099,289.3285700165644,0.0005262039351214668,16519722322841066187,train,-3.2788459084450166,-3.2808523,0.002006409365042039,-3.2736191749572754
-2.6,9.664729913030388e-10,2627.7330466636663,506.9906344590098,40.06029068650691,301.1540677406581,0.0005129764243375414,8813459275462154891,train,-3.2899025939825095,-3.2813313,0.008571293247035872,-3.289381742477417
-0.8,1.0071535471770136e-09,2369.635821802133,538.5091665951578,40.65637295368661,296.23853018587084,0.0004970312513303063,6305389621858259219,train,-3.303616303714133,-3.2972443,0.00637199333510452,-3.2997920513153076
-2.0,1.104689398918354e-09,2572.8324404304963,485.2307246352714,40.714467773434976,300.93677074401546,0.0005142861315750317,9216328605101287225,train,-3.2887951868623526,-3.2914672,0.002672002926465744,-3.2907514572143555
-1.4,1.0050965165320695e-09,2414.3235243349927,515.5034020410067,40.79653471954481,301.4383600393062,0.0005071139855999267,18237334030368139870,train,-3.2948944119622463,-3.2940586,0.0008358506371730634,-3.2930681705474854
-3.0,7.777840542828623e-10,2445.911024694583,482.1130919467457,41.27682283342508,300.8565986758517,0.0005213391391838026,13149960228396626776,train,-3.282879669484104,-3.2733245,0.009555179890598176,-3.2795498371124268
-2.6,8.589969950121182e-10,2505.474763633521,514.8627810246533,39.90795077029272,306.8673078749587,0.0005124124331530623,8372103036707258832,train,-3.290380341097026,-3.285303,0.005077225252299478,-3.2892343997955322
-1.2000000000000002,1.0203477325736783e-09,2420.870896846657,485.827773341465,41.83782044136868,301.83723728961854,0.0005102373335612168,4106527973129540887,train,-3.292227767665783,-3.299055,0.006827331821521732,-3.295844793319702
-1.8,8.241763212999094e-10,2472.357675267654,473.84577322091,39.21856251436128,307.7679942040925,0.0005011560225006818,14456930291123660273,train,-3.3000270462637897,-3.2998269,0.00020018583593328643,-3.302565574645996
-0.6000000000000001,1.1396379394271226e-09,2408.4924726992253,490.0725825278824,43.06550150160359,292.35304316269765,0.000492740933986632,10954724855113224492,train,-3.3073813576234556,-3.2962606,0.011120762301800369,-3.304722547531128
-1.8,1.0071535471770136e-09,2369.635821802133,538.5091665951578,40.65637295368661,296.23853018587084,0.0005218439884591613,6305389621858259219,train,-3.2824593151555335,-3.2845047,0.002045336867781966,-3.2816567420959473
-2.8000000000000003,9.162514515645111e-10,2366.748252214537,515.4599435910573,36.43861892729903,303.676124223718,0.0005025262521065272,17492872546512810480,train,-3.298841245654342,-3.2934356,0.005405672076461254,-3.29308819770813
-2.0,1.0806933086411387e-09,2604.781653428076,466.5836923998952,39.33731057072893,297.69705044733973,0.0005141285107165059,3371631208540637995,train,-3.2889283119012456,-3.2897713,0.0008430065344233739,-3.2942233085632324
-1.0,9.756514716409811e-10,2404.497548871577,500.9208966540563,41.62971960161597,300.52976098251094,0.0005013977670594254,7311808897764695838,train,-3.299817604474191,-3.2989116,0.0009060329715055992,-3.300916910171509
-2.8000000000000003,9.928313705154955e-10,2556.196978076177,523.0189213691006,40.51326020590248,298.8914974420704,0.0005291673897905901,903425415547655004,train,-3.27640692727814,-3.277765,0.001358108351132259,-3.276381015777588
-0.4,1.0203477325736783e-09,2420.870896846657,485.827773341465,41.83782044136868,301.83723728961854,0.00048172410478379075,4106527973129540887,train,-3.3172016216684033,-3.321832,0.0046303199362109915,-3.319815158843994
-2.2,1.2307353848142815e-09,2445.249484887284,482.48119148575233,42.87746783295031,307.55593866537106,0.000523356807318937,15038946426069692038,train,-3.281202122577083,-3.2960799,0.014877751461613187,-3.284008264541626
-2.4000000000000004,1.0942344693420075e-09,2360.838758300681,491.3731844386217,39.51420947268076,305.7035776891924,0.0005252515136312829,3134241803077969267,train,-3.2796326874022257,-3.2888308,0.009198069738887593,-3.2848405838012695
-3.0,9.89297888860932e-10,2413.8801533334354,510.75595836241,38.53132745549709,285.1813868750008,0.0005278021138429317,6508029577517650568,train,-3.277528874766817,-3.2890198,0.01149094830752384,-3.278669595718384
-1.0,7.777840542828623e-10,2445.911024694583,482.1130919467457,41.27682283342508,300.8565986758517,0.00048550561204054423,13149960228396626776,train,-3.3138057456444336,-3.3045666,0.009239123864038135,-3.308789014816284
-0.4,1.243555870393131e-09,2440.816535503744,483.6779599156501,38.81204244575611,302.5323056028984,0.0004648573013982947,4261926717090881150,train,-3.3326803432957925,-3.3338268,0.0011464370234213206,-3.3296918869018555
-2.0,1.0060692139373963e-09,2527.3807724384133,522.7157534573084,43.167246359099664,298.50956140834,0.0005273439883392317,1367897570274288222,train,-3.277906000532371,-3.288158,0.010251939378517871,-3.277541399002075
-2.6,8.622252758820395e-10,2596.9228583838576,499.2028055441836,37.99663516660689,298.18972265332246,0.0005151719355699867,7681735671422946543,train,-3.288047803565691,-3.286152,0.0018959175793629157,-3.29123592376709
-2.8000000000000003,1.000096056099185e-09,2446.239819629679,503.61049666576776,43.101977222602514,303.9832024614659,0.0005358971010825793,13944279034983237670,train,-3.2709185922514887,-3.2791789,0.008260265551855994,-3.273618221282959
0.0,1.120623623770265e-09,2459.871490367434,512.0011452017391,38.21649432972869,303.56534322943094,0.0004412805074253,2671493380122846465,train,-3.355285256111838,-3.350792,0.0044933249594940605,-3.3560914993286133
-1.8,8.89459518994858e-10,2383.601346469497,502.4892009812192,38.55163090195673,309.2198732722366,0.0005061357484643532,3483175946691254694,train,-3.2957329873058883,-3.296056,0.0003230448748978709,-3.298679828643799
-3.0,9.596807973870107e-10,2396.380469719385,547.2442070596833,39.34847113068841,298.5552181462747,0.0005297940864472322,16164245777420927440,train,-3.275892893599506,-3.280084,0.004191001130108063,-3.273583173751831
-0.6000000000000001,9.50582857470194e-10,2403.738957653681,492.6388454667692,37.10727035463277,300.4554170460457,0.00047796825300478173,9184494546452176042,train,-3.320600948581855,-3.328388,0.007787027110893963,-3.319967269897461
-1.0,1.000096056099185e-09,2446.239819629679,503.61049666576776,43.101977222602514,303.9832024614659,0.0005015619941540898,13944279034983237670,train,-3.2996753795826503,-3.2990818,0.0005935772144862739,-3.300600290298462
-2.2,9.634928280602635e-10,2455.009212271192,512.2369330710814,40.30940301281442,306.6726054586492,0.0005168236785093606,9415233787243991652,train,-3.286657597160068,-3.2912056,0.004548047447475945,-3.289979934692383
-1.0,1.032683367538443e-09,2526.170348943833,478.8149532207128,42.09307571557734,293.4443281911712,0.0004979460049762025,12981595077382156139,train,-3.30281774762629,-3.2965405,0.0062772488927693715,-3.29946231842041
-2.2,1.1064539714677527e-09,2488.434465234489,500.4335716276796,41.129719458135625,288.0815978442095,0.000516900041168426,4253972365711734043,train,-3.286593433242989,-3.2792323,0.007361169677925439,-3.283316135406494
0.0,9.85546704036472e-10,2573.0239327697072,479.3922741661716,39.9154735600532,295.8292447353602,0.0004361026162093,12112510911978131146,train,-3.3604113079565794,-3.3559182,0.00449313893497294,-3.3533482551574707
0.0,1.0050101529814667e-09,2449.206992526188,478.70441149946606,40.80112322251315,299.2329513672896,0.0004485623402762,15255519671477510073,train,-3.348177191066891,-3.3522818,0.00410461778625848,-3.345430612564087
-2.4000000000000004,9.42387899986183e-10,2596.3418775504824,506.9916211367261,42.54178389838287,305.55199671356803,0.0005166635057531874,3392607520233113049,train,-3.286792213526431,-3.2888927,0.0021005324452487706,-3.2888379096984863
-2.0,1.0732744646319759e-09,2458.1779927472685,500.451348042105,41.29986197643443,296.3385514465405,0.0005136152736960335,15854623793106210877,train,-3.2893620698627317,-3.2859063,0.0034557550128782033,-3.2885217666625977
-1.4,1.0663734802785015e-09,2646.766281337793,486.2018595083384,41.79339850063371,299.641349014439,0.0005078103633758176,5637171177688138856,train,-3.294298440305531,-3.299863,0.005564659746348788,-3.29683256149292
-2.2,1.0941860864671191e-09,2539.112215454232,503.69324532533454,39.339075937042885,294.39428351617613,0.000519120756775787,12823118457006761398,train,-3.2847316057330507,-3.2871506,0.002419015681133896,-3.2874348163604736
-1.6,9.58904338765352e-10,2486.667922677388,495.3304947031063,40.43386356777175,305.1954997344612,0.0005133597901690981,13052852389533457310,train,-3.2895781512305433,-3.2994475,0.009869385237962547,-3.2959048748016357
-1.0,9.928313705154955e-10,2556.196978076177,523.0189213691006,40.51326020590248,298.8914974420704,0.0004950749556424276,903425415547655004,train,-3.3053290427684954,-3.3062956,0.0009665905475446657,-3.302501916885376
-2.0,8.220747042076196e-10,2489.354974528123,536.8974000619587,36.589080383233394,294.68809277779184,0.0004982916786082551,13344013943894260190,train,-3.302516365417128,-3.2994118,0.003104591735487272,-3.298431396484375
-2.4000000000000004,1.0025105539620802e-09,2526.9743060678943,509.1946075584183,40.75166342427999,301.0515477079729,0.0005199239250116059,15180030701036252205,train,-3.2840601974511103,-3.28459,0.000529808423523459,-3.2831428050994873
-0.8,9.928313705154955e-10,2556.196978076177,523.0189213691006,40.51326020590248,298.8914974420704,0.0004886652857902648,903425415547655004,train,-3.310988511647532,-3.3122902,0.001301680002858685,-3.3076906204223633
-3.0,1.1762312017058683e-09,2610.23254556298,515.3751788116352,39.24041391228537,297.93305834844136,0.0005214899125053425,7155552337602576564,train,-3.2827540879769272,-3.2800126,0.002741480402464358,-3.279869556427002
-1.6,9.74908016407874e-10,2433.9347159425315,536.1873069142775,40.58953669016749,293.2225739384997,0.000520638257705441,18393380424088899902,train,-3.283463922089461,-3.2885368,0.005072864943620026,-3.280022144317627
-2.6,9.612679185080118e-10,2493.7557151613,504.62150372842615,37.39117268896573,297.8667082132286,0.0005083697792442561,433422742429117681,train,-3.2938202745963125,-3.2888188,0.005001438384154344,-3.2890188694000244
-2.2,8.354324428057497e-10,2430.182491588309,507.603602235917,36.73791801396338,295.61725668807514,0.0005059629747589983,10829525609740651031,train,-3.2958812626981215,-3.2942398,0.001641503252931109,-3.295808792114258
-0.4,9.220148370062531e-10,2472.3739758500788,504.5088858703008,41.28793476116813,303.0641722996054,0.00046441420165166874,7538273554073210114,train,-3.3330945081310315,-3.32496,0.008134514768604717,-3.331792116165161
-1.2000000000000002,1.25959298622376e-09,2354.3009197629594,499.1918367180637,40.77134716523017,305.22981462209646,0.0005032564669798712,128968913270984251,train,-3.2982106356034864,-3.2959974,0.0022132543931592252,-3.2972793579101562
-2.0,1.0071535471770136e-09,2369.635821802133,538.5091665951578,40.65637295368661,296.23853018587084,0.0005253508748650067,6305389621858259219,train,-3.2795505401767433,-3.2831109,0.0035603168331443946,-3.2799203395843506
-1.6,1.0705485436227222e-09,2590.7468930890127,531.0534862964538,41.61731424149927,306.85396396460635,0.0005129275286848222,4155552024635161694,train,-3.2899439918387485,-3.2991154,0.009171427549068856,-3.2952303886413574
-2.8000000000000003,9.63679966987411e-10,2457.046368424285,519.0454313677445,40.52844947169319,303.263443359763,0.0005303056177099498,17951410366048416543,train,-3.2754737722261296,-3.2798169,0.004343093694890943,-3.2758584022521973
-1.4,1.0050101529814667e-09,2449.206992526188,478.70441149946606,40.80112322251315,299.2329513672896,0.0005073078894194767,15255519671477510073,train,-3.294728383681607,-3.2967753,0.0020469573523285156,-3.293745517730713
-1.8,1.120623623770265e-09,2459.871490367434,512.0011452017391,38.21649432972869,303.56534322943094,0.0005064618977677577,2671493380122846465,train,-3.2954532219950154,-3.295948,0.000494806569437678,-3.29901123046875
-3.0,1.006938037138553e-09,2476.033687734913,499.8883185243343,35.52248114367448,306.4489109295662,0.0005200837312226979,11533471517763731933,train,-3.283926731210201,-3.2977703,0.013843530554325412,-3.2884533405303955
-2.0,1.2307353848142815e-09,2445.249484887284,482.48119148575233,42.87746783295031,307.55593866537106,0.0005201153323585705,15038946426069692038,train,-3.283900343570727,-3.2984266,0.014526284542065948,-3.2866482734680176
-1.2000000000000002,9.808684991835892e-10,2440.440905080504,475.02919518003887,43.13862383173334,296.64614602139693,0.0005113382637818774,10893922623691634355,train,-3.2912917075129466,-3.2920654,0.0007736744908375393,-3.2925920486450195
-2.4000000000000004,1.0073410050818803e-09,2574.374612551252,485.6872921198837,42.17824256593523,298.72995545788456,0.0005219701800569618,9029148243980292461,train,-3.2823543073552806,-3.2819958,0.0003585340398508663,-3.2806003093719482
-1.4,1.1064539714677527e-09,2488.434465234489,500.4335716276796,41.129719458135625,288.0815978442095,0.0005024255991992016,4253972365711734043,train,-3.298928240871732,-3.287495,0.01143334302932475,-3.2934467792510986
-2.4000000000000004,1.0732744646319759e-09,2458.1779927472685,500.451348042105,41.29986197643443,296.3385514465405,0.0005195783932640842,15854623793106210877,train,-3.284348917416732,-3.2798295,0.0045194153110190705,-3.282809257507324
-0.8,1.0727510291740675e-09,2408.6350240081065,515.7307920217833,36.322106531247385,300.55707391972635,0.00046947029719492117,16501516911797089168,train,-3.32839187980343,-3.321718,0.006673902279626276,-3.3179101943969727
-1.0,9.798133860644783e-10,2446.0111249981446,493.4775434169566,39.325337668236735,299.6111127589073,0.0004951280418368501,7157631882990673600,train,-3.305282476475758,-3.3072681,0.001985666224437299,-3.304405450820923
-1.4,1.0073410050818803e-09,2574.374612551252,485.6872921198837,42.17824256593523,298.72995545788456,0.0005036825576826699,9029148243980292461,train,-3.297843088319037,-3.2975824,0.00026070039484249463,-3.294353485107422
-1.2000000000000002,9.244750759855351e-10,2606.766252024905,514.7015322051607,39.36697999872778,300.425811364213,0.0004940170811099424,13867644369009061341,train,-3.3062580346724157,-3.3056912,0.0005667924543981684,-3.3100180625915527
-2.0,9.42387899986183e-10,2596.3418775504824,506.9916211367261,42.54178389838287,305.55199671356803,0.0005102455490162565,3392607520233113049,train,-3.292220775041309,-3.2962682,0.00404744967487769,-3.294574022293091
-0.6000000000000001,9.920951194363948e-10,2484.0228854962547,482.5603784265586,38.422268984819695,304.0303353891022,0.0004701456149502604,2314355766595058403,train,-3.3277676102026628,-3.3295326,0.0017650130883528625,-3.3210010528564453
0.0,8.4981307882089e-10,2622.111610500832,493.1418777793542,40.32755095458103,299.70047987606006,0.0004405328213869,5127878088967066821,train,-3.3560217294398753,-3.3605232,0.004501494437077813,-3.355074167251587
-2.0,9.595802013951228e-10,2610.2949574222403,489.9218602044182,42.219532217947325,302.0841812978663,0.0005159253247734,11643629726484600332,train,-3.2874131537715763,-3.2930954,0.00568219649392665,-3.2898459434509277
-2.4000000000000004,1.075576112436465e-09,2439.1914792405805,507.5653121861305,41.43318212059344,299.0815860986159,0.0005191214392005582,8793357247245534573,train,-3.2847310348194165,-3.281822,0.00290906864815188,-3.281996726989746
-2.0,1.0191682032973931e-09,2560.240612715575,475.6482256289376,41.11142736058992,291.8506686301862,0.0005108523385558564,14547390297170085011,train,-3.2917046141855235,-3.2841847,0.007519919895362381,-3.290651321411133
-1.8,1.0671658198705112e-09,2444.626831258547,492.08006432381046,41.193035529790656,301.7038514591378,0.0005060865615725837,10743645008157788724,train,-3.2957751946263207,-3.2933464,0.0024287895970238615,-3.2909703254699707
-0.6000000000000001,9.596807973870107e-10,2396.380469719385,547.2442070596833,39.34847113068841,298.5552181462747,0.00048118463409032593,16164245777420927440,train,-3.3176882496537456,-3.31144,0.006248258656431194,-3.308743476867676
-1.2000000000000002,8.354324428057497e-10,2430.182491588309,507.603602235917,36.73791801396338,295.61725668807514,0.0004870725611809537,10829525609740651031,train,-3.3124063353499076,-3.307406,0.005000386710991567,-3.3090660572052
-2.6,9.63679966987411e-10,2457.046368424285,519.0454313677445,40.52844947169319,303.263443359763,0.0005277759944823728,17951410366048416543,train,-3.277550367243924,-3.282729,0.005178543202243091,-3.2782747745513916
-2.6,1.000096056099185e-09,2446.239819629679,503.61049666576776,43.101977222602514,303.9832024614659,0.0005333061913130454,13944279034983237670,train,-3.273023374431724,-3.2832627,0.010239355213051304,-3.2764439582824707
0.0,9.682475573035431e-10,2330.6047518253104,479.0686974559265,41.64371883461047,301.63426669668445,0.0004539241311067,13640118791446356878,train,-3.3430167290705177,-3.339615,0.0034016224878761214,-3.345808506011963
-1.2000000000000002,1.0803651442869379e-09,2531.060987167743,511.9316238370674,40.66002705988115,288.1838349540611,0.0005078049385361545,17485459239320075305,train,-3.2943030798140662,-3.2944295,0.00012646082008904713,-3.29506254196167
-1.2000000000000002,9.89297888860932e-10,2413.8801533334354,510.75595836241,38.53132745549709,285.1813868750008,0.0004986062490554762,6508029577517650568,train,-3.30224228276505,-3.297232,0.005010370152135124,-3.3018431663513184
-1.6,9.725086180844783e-10,2468.017331565751,490.28733545372194,44.50977871149023,303.263152322465,0.0005158291856794607,3744802582600429992,train,-3.2874940890671156,-3.2959971,0.008503053724632448,-3.2900900840759277
-1.6,9.50582857470194e-10,2403.738957653681,492.6388454667692,37.10727035463277,300.4554170460457,0.0005057334301874155,9184494546452176042,train,-3.296078337516244,-3.2992208,0.0031424628835363677,-3.2985708713531494
-2.2,8.75983736068783e-10,2627.978517028968,489.37942559949954,40.91913452211564,297.20307373531364,0.000511208237334102,5144607327742428380,train,-3.2914021568059875,-3.2857625,0.005639608359332193,-3.2883071899414062
-0.6000000000000001,8.758150413106088e-10,2554.792538970499,492.8309420700668,37.207464786418186,297.95471711920453,0.00046644029874630746,14100953261967155807,train,-3.331203935163508,-3.330461,0.0007429099254707694,-3.3264949321746826
-1.6,9.612679185080118e-10,2493.7557151613,504.62150372842615,37.39117268896573,297.8667082132286,0.0004927810534253211,433422742429117681,train,-3.307345998390335,-3.2994776,0.007868421180862395,-3.3014450073242188
-1.0,9.603042271636284e-10,2438.0715583385486,503.6957420101608,43.08491203323523,298.5763734449834,0.0005032378930408231,2124884718484563516,train,-3.2982266646237317,-3.2948165,0.0034101706356945982,-3.2959487438201904
-1.2000000000000002,1.0728366895058958e-09,2396.471193900285,522.5703607996403,39.66536493364173,302.3426017448898,0.0005019821497921522,10539271283961051071,train,-3.2993117258521925,-3.2972803,0.0020314142677198,-3.298809289932251
-2.2,1.0060692139373963e-09,2527.3807724384133,522.7157534573084,43.167246359099664,298.50956140834,0.0005306572595484358,1367897570274288222,train,-3.2751858901165365,-3.28531,0.010124139866984017,-3.274271011352539
-0.4,1.066709170571727e-09,2302.646144768272,474.8978179470865,37.69553984942066,294.1521471075916,0.00046790945595807747,3765765162242439701,train,-3.329838178084336,-3.324905,0.004933259413681501,-3.3260982036590576
-1.2000000000000002,1.104689398918354e-09,2572.8324404304963,485.2307246352714,40.714467773434976,300.93677074401546,0.0004973069054937524,9216328605101287225,train,-3.303375510208737,-3.3044848,0.0011093339990266848,-3.3013436794281006
-2.0,1.000072357945733e-09,2615.067429542859,502.8265147659643,41.97319841319997,303.92619603855775,0.0005159547676181924,2056914843148536795,train,-3.2873883701457993,-3.2945225,0.007134153734205562,-3.2930445671081543
-2.4000000000000004,1.0071535471770136e-09,2369.635821802133,538.5091665951578,40.65637295368661,296.23853018587084,0.0005314608243902811,6305389621858259219,train,-3.2745287431410204,-3.2792585,0.004729746467744267,-3.274946928024292
-1.6,1.0191682032973931e-09,2560.240612715575,475.6482256289376,41.11142736058992,291.8506686301862,0.0005034896781359461,14547390297170085011,train,-3.298009428336879,-3.2892768,0.008732590034266519,-3.295281410217285
-2.2,1.0728366895058958e-09,2396.471193900285,522.5703607996403,39.66536493364173,302.3426017448898,0.0005214522680686988,10539271283961051071,train,-3.2827854392280713,-3.28751,0.004724478984819314,-3.284144163131714
-1.6,1.0044736023004086e-09,2276.4853940628345,486.8441992232576,38.23677890677304,298.10055132439214,0.0005082237163302877,15363031408316951214,train,-3.293945072400469,-3.291673,0.0022721273778860684,-3.2943854331970215
-1.4,1.2225799825820127e-09,2598.953191343567,516.8045118894966,39.85430360518959,306.74502895459364,0.0004925724047884514,17234994038809733169,train,-3.307529922143275,-3.3035057,0.004024263039881237,-3.306973695755005
-1.6,9.143704143090119e-10,2444.5179463100326,473.4138143725302,40.94136333558407,299.94201571725745,0.0005026640516061188,11714911050137312102,train,-3.298722172554581,-3.294765,0.003957176979629828,-3.296386957168579
-2.0,1.0727510291740675e-09,2408.6350240081065,515.7307920217833,36.322106531247385,300.55707391972635,0.0004963592607234718,16501516911797089168,train,-3.3042038709465826,-3.296772,0.007431867772754508,-3.2974586486816406
-1.0,1.0942344693420075e-09,2360.838758300681,491.3731844386217,39.51420947268076,305.7035776891924,0.0004973363925898388,3134241803077969267,train,-3.303349760106874,-3.3058543,0.002504560419248847,-3.304788827896118
0.0,9.928313705154955e-10,2556.196978076177,523.0189213691006,40.51326020590248,298.8914974420704,0.0004461415699709,903425415547655004,train,-3.3505273087739376,-3.3536599,0.0031325594664188827,-3.3439950942993164
-1.0,9.979877857013674e-10,2496.537246315292,510.00187244466247,38.795972505421744,297.7961123434831,0.00048427322970102216,1378160361063041439,train,-3.314909537797283,-3.3086696,0.006239970689128516,-3.31038498878479
-1.6,1.0375673846448864e-09,2379.4103992541063,496.85223216497695,39.047727684139495,305.18782525816323,0.000502914559978882,3141391476646313355,train,-3.2985057908516313,-3.2970269,0.0014789182167436188,-3.295644760131836
-0.2,1.0455070732925304e-09,2552.705145034877,518.1497095238773,37.60227540602951,298.4772867617408,0.00044574039645888685,13753303497944442308,train,-3.350918004989045,-3.3438306,0.007087419509308468,-3.342501401901245
-1.0,1.0663734802785015e-09,2646.766281337793,486.2018595083384,41.79339850063371,299.641349014439,0.0004971293203384632,5637171177688138856,train,-3.3035306217218263,-3.3074338,0.003903221890844577,-3.304093599319458
-1.8,1.0050101529814667e-09,2449.206992526188,478.70441149946606,40.80112322251315,299.2329513672896,0.0005155893762818477,15255519671477510073,train,-3.2876960398634454,-3.2915642,0.00386818628706731,-3.2890734672546387
-1.6,1.0671658198705112e-09,2444.626831258547,492.08006432381046,41.193035529790656,301.7038514591378,0.0005022450891057717,10743645008157788724,train,-3.299084301040025,-3.295528,0.003556366011948864,-3.293257236480713
-3.0,9.920951194363948e-10,2484.0228854962547,482.5603784265586,38.422268984819695,304.0303353891022,0.0005193739464056516,2314355766595058403,train,-3.2845198398743185,-3.282618,0.0019017940674337375,-3.281785726547241
-1.6,8.758150413106088e-10,2554.792538970499,492.8309420700668,37.207464786418186,297.95471711920453,0.0004947515642316645,14100953261967155807,train,-3.305612824031912,-3.3002646,0.00534822709282512,-3.302475929260254
-0.4,8.589969950121182e-10,2505.474763633521,514.8627810246533,39.90795077029272,306.8673078749587,0.0004584981301350696,8372103036707258832,train,-3.338662431147018,-3.3308563,0.007806107904830384,-3.3352293968200684
-3.0,1.0050101529814667e-09,2449.206992526188,478.70441149946606,40.80112322251315,299.2329513672896,0.0005328799930736675,15255519671477510073,train,-3.273370584996123,-3.2730627,0.0003078790024706457,-3.2739336490631104
-2.2,8.622252758820395e-10,2596.9228583838576,499.2028055441836,37.99663516660689,298.18972265332246,0.0005094747006224675,7681735671422946543,train,-3.292877377217629,-3.2905169,0.0023605238851094335,-3.2944602966308594
0.0,1.0025105539620802e-09,2526.9743060678943,509.1946075584183,40.75166342427999,301.0515477079729,0.0004423526315813,15180030701036252205,train,-3.3542313847419325,-3.3541074,0.0001240048286024198,-3.3492777347564697
-0.2,1.1774606839117e-09,2487.5677489208106,509.6158544320055,42.33569419095241,299.8381908200232,0.000458843133683254,14988660033747214345,train,-3.3383357628716714,-3.32844,0.009895811928678278,-3.335796356201172
-2.2,9.980121445569454e-10,2387.75545073954,508.7275610680178,38.8972081784186,297.8606493603604,0.0005113846761498748,11032972375804727196,train,-3.291252289925758,-3.2867134,0.00453892818564583,-3.2882959842681885
-2.4000000000000004,1.0050965165320695e-09,2414.3235243349927,515.5034020410067,40.79653471954481,301.4383600393062,0.0005250833649654553,18237334030368139870,train,-3.279771740269688,-3.2838292,0.004057471919032718,-3.2799460887908936
-2.4000000000000004,1.0147448677929011e-09,2607.8117384734032,505.1107398178068,40.31257836583995,298.21936914217434,0.0005200664520825484,833253205382390921,train,-3.2839411603481086,-3.2837615,0.00017965903585270837,-3.286724328994751
-0.2,9.85546704036472e-10,2573.0239327697072,479.3922741661716,39.9154735600532,295.8292447353602,0.000450437799850758,12112510911978131146,train,-3.3463651714920313,-3.3372445,0.00912066084139651,-3.3396413326263428
-2.4000000000000004,1.0941860864671191e-09,2539.112215454232,503.69324532533454,39.339075937042885,294.39428351617613,0.0005220213816336979,12823118457006761398,train,-3.282311708232692,-3.284537,0.0022253687173812153,-3.2845869064331055
-0.4,1.0073410050818803e-09,2574.374612551252,485.6872921198837,42.17824256593523,298.72995545788456,0.00047023054931214696,9029148243980292461,train,-3.3276891596289597,-3.324366,0.0033230669470749596,-3.3210275173187256
-1.2000000000000002,9.304065850268983e-10,2472.4930947482308,495.539662311,41.9345213676303,296.5403011366731,0.0005012609204431291,1906069974405082520,train,-3.2999361527527515,-3.2950277,0.0049084199036304454,-3.3004660606384277
-3.0,1.1396379394271226e-09,2408.4924726992253,490.0725825278824,43.06550150160359,292.35304316269765,0.0005421464027510932,10954724855113224492,train,-3.26588341951098,-3.2618198,0.004063580033440761,-3.265254020690918
-2.2,1.0727510291740675e-09,2408.6350240081065,515.7307920217833,36.322106531247385,300.55707391972635,0.0004993933120784479,16501516911797089168,train,-3.301557278057707,-3.2952063,0.0063509696928387704,-3.294522523880005
-0.6000000000000001,1.0073410050818803e-09,2574.374612551252,485.6872921198837,42.17824256593523,298.72995545788456,0.00047921143532095805,9029148243980292461,train,-3.319472827017878,-3.316464,0.003008879721735358,-3.3131372928619385
0.0,9.16382362452114e-10,2549.3338723326283,483.7915671011157,41.484417545989686,302.7283665488111,0.0004373899467562,779010489516208886,train,-3.359131203279368,-3.3604634,0.0013321775342305386,-3.35481333732605
-2.2,9.143704143090119e-10,2444.5179463100326,473.4138143725302,40.94136333558407,299.94201571725745,0.0005131577379373941,11714911050137312102,train,-3.2897491179564216,-3.2861865,0.003562661276123702,-3.2886404991149902
-1.4,9.220148370062531e-10,2472.3739758500788,504.5088858703008,41.28793476116813,303.0641722996054,0.0004973631510015957,7538273554073210114,train,-3.303326394195734,-3.2984166,0.004909779663263336,-3.301983118057251
-1.4,8.220747042076196e-10,2489.354974528123,536.8974000619587,36.589080383233394,294.68809277779184,0.00048692298439809823,13344013943894260190,train,-3.3125397248139983,-3.306531,0.006008772360384995,-3.3058536052703857
-1.6,1.0806933086411387e-09,2604.781653428076,466.5836923998952,39.33731057072893,297.69705044733973,0.0005067095258116253,3371631208540637995,train,-3.295240931176987,-3.2961483,0.0009073689939116392,-3.299344301223755
-0.2,8.4981307882089e-10,2622.111610500832,493.1418777793542,40.32755095458103,299.70047987606006,0.0004555549137173928,5127878088967066821,train,-3.3414592646031793,-3.3414116,4.767402700744938e-05,-3.3411595821380615
-2.8000000000000003,9.89963136259949e-10,2542.7024133885266,503.0087467521194,39.0211226249472,305.0510216058231,0.0005146122380040213,380264510751012186,train,-3.2885198900370236,-3.2820096,0.006510288444006029,-3.2842366695404053
-3.0,1.0455070732925304e-09,2552.705145034877,518.1497095238773,37.60227540602951,298.4772867617408,0.0005129552965450298,13753303497944442308,train,-3.2899204814959124,-3.2884095,0.0015110099840716096,-3.284655809402466
0.0,1.2225799825820127e-09,2598.953191343567,516.8045118894966,39.85430360518959,306.74502895459364,0.0004341012587345,17234994038809733169,train,-3.362408954864698,-3.358477,0.003931839233594303,-3.3604912757873535
-0.2,1.000072357945733e-09,2615.067429542859,502.8265147659643,41.97319841319997,303.92619603855775,0.00045869127197191775,2056914843148536795,train,-3.338479523592668,-3.3414245,0.0029449415867754958,-3.339047431945801
-2.4000000000000004,8.979123523428992e-10,2531.360993910196,491.918494232159,35.793021097389925,308.86985058095934,0.000518574277816564,579736006479800074,train,-3.2851890287918404,-3.292592,0.007403019853179149,-3.2940354347229004
0.0,9.123213222215395e-10,2625.69228411366,506.617977618184,38.92442853409919,306.1252360546967,0.0004283990484263,2928394120619732261,train,-3.3681515025079363,-3.3616056,0.006545858281862049,-3.3628361225128174
-0.6000000000000001,9.344027379399094e-10,2510.734791451186,511.4018674256231,36.36815079533651,301.4558439858307,0.00045831973122933473,13370015301709921327,train,-3.3388314454400003,-3.333303,0.0055284707390725885,-3.3336734771728516
-0.6000000000000001,1.1762312017058683e-09,2610.23254556298,515.3751788116352,39.24041391228537,297.93305834844136,0.00047286150975314793,7155552337602576564,train,-3.3252660354921435,-3.3250275,0.00023856967183100153,-3.321596622467041
-2.0,1.0574423663675307e-09,2585.038533860248,471.3266920396063,42.543125490608695,301.3994726877767,0.0005121463069860538,2832837163574657009,train,-3.2906059545711845,-3.2925293,0.0019233899875312765,-3.2932920455932617
-0.2,1.0663734802785015e-09,2646.766281337793,486.2018595083384,41.79339850063371,299.641349014439,0.0004624624199167742,5637171177688138856,train,-3.334923552624145,-3.3395832,0.004659605868897021,-3.334101676940918
-1.6,9.85546704036472e-10,2573.0239327697072,479.3922741661716,39.9154735600532,295.8292447353602,0.0004975649310116694,12112510911978131146,train,-3.303150236847843,-3.2944696,0.00868064189239881,-3.2982101440429688
-1.4,9.143704143090119e-10,2444.5179463100326,473.4138143725302,40.94136333558407,299.94201571725745,0.00049836519081963,11714911050137312102,train,-3.3024522993402465,-3.297401,0.005051347954748486,-3.298771858215332
-1.4,1.018423641836786e-09,2420.2103352289205,495.3862399264609,39.18777263938059,307.5354074756815,0.0004935319424869796,9985116505034206452,train,-3.306684733578142,-3.3017583,0.004926444240983763,-3.2990622520446777
-2.0,1.0941860864671191e-09,2539.112215454232,503.69324532533454,39.339075937042885,294.39428351617613,0.0005159653629349619,12823118457006761398,train,-3.2873794518439445,-3.289838,0.0024586237938728495,-3.2899560928344727
-0.2,8.89459518994858e-10,2383.601346469497,502.4892009812192,38.55163090195673,309.2198732722366,0.00045383164179487644,3483175946691254694,train,-3.343105227759478,-3.3328774,0.010227830222246492,-3.3423376083374023
-2.2,1.0191682032973931e-09,2560.240612715575,475.6482256289376,41.11142736058992,291.8506686301862,0.0005140362660089819,14547390297170085011,train,-3.289006239814119,-3.281265,0.007741219443635483,-3.2874343395233154
0.0,9.634928280602635e-10,2455.009212271192,512.2369330710814,40.30940301281442,306.6726054586492,0.0004426434279722,9415233787243991652,train,-3.3539459794655877,-3.3450644,0.008881577839000787,-3.35371994972229
-1.2000000000000002,1.0147448677929011e-09,2607.8117384734032,505.1107398178068,40.31257836583995,298.21936914217434,0.0004969681613271223,833253205382390921,train,-3.3036714338076396,-3.3033109,0.00036056268337203434,-3.302161931991577
-3.0,1.013177684158949e-09,2549.0982526102403,506.5025106580401,39.7132385315927,304.62183232922587,0.000527456898300453,14934561482547682078,train,-3.277813023414284,-3.278445,0.0006319820025861844,-3.2835536003112793
-1.8,8.589969950121182e-10,2505.474763633521,514.8627810246533,39.90795077029272,306.8673078749587,0.0004998299140916692,8372103036707258832,train,-3.301177755540154,-3.2964983,0.004679456895134493,-3.2999660968780518
-1.0,9.50582857470194e-10,2403.738957653681,492.6388454667692,37.10727035463277,300.4554170460457,0.0004913527875509966,9184494546452176042,train,-3.3086065757581222,-3.3124533,0.003846694200373868,-3.3090474605560303
-3.0,9.63679966987411e-10,2457.046368424285,519.0454313677445,40.52844947169319,303.263443359763,0.0005326527468576169,17951410366048416543,train,-3.2735558290068645,-3.2774005,0.0038446646149616903,-3.274056911468506
-1.2000000000000002,1.0671658198705112e-09,2444.626831258547,492.08006432381046,41.193035529790656,301.7038514591378,0.0004931281870197068,10743645008157788724,train,-3.3070401726518788,-3.3005552,0.0064849434648670545,-3.3002026081085205
-1.0,9.595802013951228e-10,2610.2949574222403,489.9218602044182,42.219532217947325,302.0841812978663,0.0004930907212186728,11643629726484600332,train,-3.307073169769499,-3.3087428,0.0016695918424396439,-3.3052754402160645
-2.4000000000000004,1.1395831540373824e-09,2538.761869465952,510.72502895181066,40.87821813200619,300.974125232131,0.0005203076051480248,3684234868495982631,train,-3.2837398261322495,-3.2845843,0.0008444576964858896,-3.283132791519165
-2.0,9.980121445569454e-10,2387.75545073954,508.7275610680178,38.8972081784186,297.8606493603604,0.0005082762719281467,11032972375804727196,train,-3.293900164173362,-3.2889595,0.004940660999533719,-3.2904422283172607
-0.2,8.622252758820395e-10,2596.9228583838576,499.2028055441836,37.99663516660689,298.18972265332246,0.0004504477520570458,7681735671422946543,train,-3.3463555760705828,-3.3442776,0.0020779557550310024,-3.345350980758667
-2.2,1.0942344693420075e-09,2360.838758300681,491.3731844386217,39.51420947268076,305.7035776891924,0.0005223494963968953,3134241803077969267,train,-3.2820388196664294,-3.2911472,0.009108412389234655,-3.2871453762054443
-1.8,1.243555870393131e-09,2440.816535503744,483.6779599156501,38.81204244575611,302.5323056028984,0.0005050901979002542,4261926717090881150,train,-3.2966310595991875,-3.2957149,0.0009162044050956553,-3.294588565826416
0.0,1.0455070732925304e-09,2552.705145034877,518.1497095238773,37.60227540602951,298.4772867617408,0.0004318379847613,13753303497944442308,train,-3.3646791594851533,-3.3567517,0.007927479111007774,-3.3551573753356934
-2.6,8.75983736068783e-10,2627.978517028968,489.37942559949954,40.91913452211564,297.20307373531364,0.0005170096126807501,5144607327742428380,train,-3.286501382060031,-3.2785168,0.007984612650851375,-3.282689332962036
-1.8,8.979123523428992e-10,2531.360993910196,491.918494232159,35.793021097389925,308.86985058095934,0.0005086534648627726,579736006479800074,train,-3.293577992814404,-3.2991664,0.005588448149341119,-3.302492618560791
-0.2,9.756514716409811e-10,2404.497548871577,500.9208966540563,41.62971960161597,300.52976098251094,0.0004676381706253879,7311808897764695838,train,-3.330090047092311,-3.3256814,0.00440859910952307,-3.3300743103027344
-0.6000000000000001,8.584521018906483e-10,2718.2749419682723,482.1832227724541,38.88005077046229,301.691940704981,0.0004654516241223641,3494250555080783753,train,-3.3321254499532347,-3.3288112,0.003314281282580378,-3.3304078578948975
-0.2,1.1396379394271226e-09,2408.4924726992253,490.0725825278824,43.06550150160359,292.35304316269765,0.0004728914515534509,10954724855113224492,train,-3.325238536643742,-3.3139036,0.011334966468571128,-3.3231029510498047
-0.2,1.0191682032973931e-09,2560.240612715575,475.6482256289376,41.11142736058992,291.8506686301862,0.0004558278145548354,14547390297170085011,train,-3.3411991777534427,-3.3285537,0.012645501148218052,-3.3368172645568848
-1.2000000000000002,9.634928280602635e-10,2455.009212271192,512.2369330710814,40.30940301281442,306.6726054586492,0.0004969125808699668,9415233787243991652,train,-3.3037200076150284,-3.301639,0.0020809275674209537,-3.304182767868042
-1.4,8.589969950121182e-10,2505.474763633521,514.8627810246533,39.90795077029272,306.8673078749587,0.0004915024243584699,8372103036707258832,train,-3.308474335648918,-3.3011951,0.007279190995597595,-3.3048577308654785
-0.4,1.2225799825820127e-09,2598.953191343567,516.8045118894966,39.85430360518959,306.74502895459364,0.000459571788381265,17234994038809733169,train,-3.3376466390925303,-3.3353868,0.0022598860102549523,-3.337656259536743
-0.6000000000000001,9.58904338765352e-10,2486.667922677388,495.3304947031063,40.43386356777175,305.1954997344612,0.00048426586780466466,13052852389533457310,train,-3.3149161399695086,-3.3238325,0.008916371932346845,-3.3174514770507812
-1.0,1.0789603531824067e-09,2367.1936347140645,478.9001778930339,37.12870103512795,297.3410066095633,0.0004943197430776442,4747465828158748725,train,-3.3059920435176857,-3.3101838,0.004191719986342601,-3.3074023723602295
-2.8000000000000003,1.0044736023004086e-09,2276.4853940628345,486.8441992232576,38.23677890677304,298.10055132439214,0.0005260587406750944,15363031408316951214,train,-3.2789657590274106,-3.2823677,0.003401947271417516,-3.280036449432373
-2.0,1.0705485436227222e-09,2590.7468930890127,531.0534862964538,41.61731424149927,306.85396396460635,0.0005207271157873839,4155552024635161694,train,-3.283389806748705,-3.2947993,0.011409521101636955,-3.290146589279175
-0.4,1.1395831540373824e-09,2538.761869465952,510.72502895181066,40.87821813200619,300.974125232131,0.0004692717770964282,3684234868495982631,train,-3.3285755643041437,-3.327781,0.0007946023137872515,-3.3259620666503906
-2.8000000000000003,9.525981103063824e-10,2521.0178569100235,513.1122387074643,39.33447860201831,299.4635962010897,0.0005260371551593398,2217437892012799629,train,-3.278983579590003,-3.2805007,0.0015170708158809276,-3.2837092876434326
-0.4,9.808684991835892e-10,2440.440905080504,475.02919518003887,43.13862383173334,296.64614602139693,0.0004826467370895284,10893922623691634355,train,-3.316370625491284,-3.3126864,0.003684182162426719,-3.316749334335327
-1.6,1.1774606839117e-09,2487.5677489208106,509.6158544320055,42.33569419095241,299.8381908200232,0.0005066817576834584,14988660033747214345,train,-3.2952647315491332,-3.293253,0.002011786602844179,-3.291652202606201
-2.2,9.596807973870107e-10,2396.380469719385,547.2442070596833,39.34847113068841,298.5552181462747,0.0005194975696140007,16164245777420927440,train,-3.28441647987908,-3.2857416,0.0013250877326145272,-3.280522584915161
-1.2000000000000002,9.162514515645111e-10,2366.748252214537,515.4599435910573,36.43861892729903,303.676124223718,0.0004760020435756879,17492872546512810480,train,-3.3223911827590458,-3.3060863,0.016304880955456902,-3.3133015632629395
-2.8000000000000003,9.595802013951228e-10,2610.2949574222403,489.9218602044182,42.219532217947325,302.0841812978663,0.0005277406444757041,11643629726484600332,train,-3.277579456909156,-3.276188,0.001391560180640461,-3.2767090797424316
-2.2,1.1201765668553064e-09,2329.913862262383,487.444276821995,41.61971486534147,298.1037724082114,0.0005312052378225044,10813817281839957845,train,-3.2747376513618085,-3.2813566,0.006618921743049899,-3.2772226333618164
-1.6,8.584521018906483e-10,2718.2749419682723,482.1832227724541,38.88005077046229,301.691940704981,0.0004949499087057017,3494250555080783753,train,-3.305438751517929,-3.298228,0.007210726081527508,-3.3067235946655273
-0.4,1.018423641836786e-09,2420.2103352289205,495.3862399264609,39.18777263938059,307.5354074756815,0.0004612027636791662,9985116505034206452,train,-3.3361080989336798,-3.3318279,0.004280219981653399,-3.326667070388794
-0.2,1.006299553709699e-09,2596.53014928976,491.578961058072,40.01001805266426,305.28831051478386,0.00044868807199126574,6325844468188908084,train,-3.3480554756802743,-3.3460023,0.0020531353635018235,-3.3437914848327637
-3.0,1.0728366895058958e-09,2396.471193900285,522.5703607996403,39.66536493364173,302.3426017448898,0.0005317545528743468,10539271283961051071,train,-3.2742887829866048,-3.2795763,0.00528751858810228,-3.275019407272339
-1.8,7.516487326049726e-10,2475.0294016619155,481.8667099014746,36.16652897024234,304.10393187120707,0.0004965052157225634,4556256472297801959,train,-3.3040761849377223,-3.2993722,0.004703988740212495,-3.3032071590423584
-2.2,1.1762312017058683e-09,2610.23254556298,515.3751788116352,39.24041391228537,297.93305834844136,0.000511159772977932,7155552337602576564,train,-3.2914433314168066,-3.2889369,0.002506478007993085,-3.2892730236053467
-1.2000000000000002,1.2307353848142815e-09,2445.249484887284,482.48119148575233,42.87746783295031,307.55593866537106,0.0005033234922406957,15038946426069692038,train,-3.298152798765587,-3.3035421,0.005389338380409114,-3.298532009124756
-0.2,9.928313705154955e-10,2556.196978076177,523.0189213691006,40.51326020590248,298.8914974420704,0.00046099387547439896,903425415547655004,train,-3.3363048443833265,-3.3360293,0.0002755532303724273,-3.331700086593628
-2.6,1.0147448677929011e-09,2607.8117384734032,505.1107398178068,40.31257836583995,298.21936914217434,0.0005228200080064821,833253205382390921,train,-3.28164780058549,-3.2804117,0.0012360803096109763,-3.2846732139587402
-0.8,1.0933784852654091e-09,2410.884334287086,539.0569290920441,39.62193192256099,289.3285700165644,0.0004902588904511418,16519722322841066187,train,-3.3095745220072184,-3.3032522,0.006322301853409762,-3.3019559383392334
-2.4000000000000004,1.0705485436227222e-09,2590.7468930890127,531.0534862964538,41.61731424149927,306.85396396460635,0.0005272472899305563,4155552024635161694,train,-3.27798564387151,-3.2883735,0.010387826434886449,-3.284989595413208
-2.2,1.2225799825820127e-09,2598.953191343567,516.8045118894966,39.85430360518959,306.74502895459364,0.0005076112862288975,17234994038809733169,train,-3.2944687303668507,-3.291116,0.0033527311450489705,-3.2950780391693115
-1.8,9.928313705154955e-10,2556.196978076177,523.0189213691006,40.51326020590248,298.8914974420704,0.0005139979530392432,903425415547655004,train,-3.28903861054856,-3.2932045,0.0041659354261716075,-3.2885401248931885
-0.6000000000000001,1.0933784852654091e-09,2410.884334287086,539.0569290920441,39.62193192256099,289.3285700165644,0.00048317638484217417,16519722322841066187,train,-3.3158942999319523,-3.30983,0.006064349599310681,-3.307898759841919
-1.2000000000000002,1.0789603531824067e-09,2367.1936347140645,478.9001778930339,37.12870103512795,297.3410066095633,0.0004996098139247425,4747465828158748725,train,-3.3013690392900954,-3.3045824,0.0032133181165208136,-3.3031651973724365
-1.2000000000000002,1.1396379394271226e-09,2408.4924726992253,490.0725825278824,43.06550150160359,292.35304316269765,0.0005119236113452848,10954724855113224492,train,-3.2907948391145605,-3.2841613,0.00663350984515132,-3.288245677947998
-3.0,9.244750759855351e-10,2606.766252024905,514.7015322051607,39.36697999872778,300.425811364213,0.0005248718611536976,13867644369009061341,train,-3.279946709520386,-3.2785997,0.0013469704456787746,-3.2887043952941895
-2.6,1.1459805246638944e-09,2630.825732937456,497.4739907663986,41.26661222078493,300.2753689300697,0.0005145436218520156,12849312948239067464,train,-3.2885778008305038,-3.2797458,0.00883198364605553,-3.283686637878418
0.0,9.612679185080118e-10,2493.7557151613,504.62150372842615,37.39117268896573,297.8667082132286,0.0004329078740276,433422742429117681,train,-3.3636045148668217,-3.3549805,0.00862404611682166,-3.356274127960205
-0.6000000000000001,1.006938037138553e-09,2476.033687734913,499.8883185243343,35.52248114367448,306.4489109295662,0.00047102079472845335,11533471517763731933,train,-3.3269599191206476,-3.3363156,0.009355712745807487,-3.32759428024292
-0.2,1.0705485436227222e-09,2590.7468930890127,531.0534862964538,41.61731424149927,306.85396396460635,0.00046273140084494635,4155552024635161694,train,-3.3346710283778473,-3.3361194,0.0014483849980071462,-3.3374900817871094
-2.8000000000000003,1.0663734802785015e-09,2646.766281337793,486.2018595083384,41.79339850063371,299.641349014439,0.00053150990983445,5637171177688138856,train,-3.274488633781707,-3.2745385,4.988321658405681e-05,-3.2770211696624756
-1.8,9.89297888860932e-10,2413.8801533334354,510.75595836241,38.53132745549709,285.1813868750008,0.0005112050257707961,6508029577517650568,train,-3.2914048851826085,-3.2907093,0.0006956280567540496,-3.2919602394104004
-2.8000000000000003,1.018423641836786e-09,2420.2103352289205,495.3862399264609,39.18777263938059,307.5354074756815,0.0005160806527620195,9985116505034206452,train,-3.287282421798467,-3.2854545,0.0018279101560110256,-3.2834439277648926
-2.0,9.118663996020179e-10,2651.95019435956,481.7408591707263,38.899871401178025,300.40158819211445,0.0005024365640191399,17319768135093042826,train,-3.298918763032942,-3.291445,0.007473746171980267,-3.2973549365997314
-0.8,1.0040157435828723e-09,2421.1156291426087,502.3421578152334,38.33334239027114,293.10089722857373,0.0004900276267733324,12886194249589357920,train,-3.309779434630693,-3.3118033,0.0020239062811722164,-3.3104889392852783
-2.8000000000000003,9.118663996020179e-10,2651.95019435956,481.7408591707263,38.899871401178025,300.40158819211445,0.0005140547141214167,17319768135093042826,train,-3.2889906538132925,-3.279751,0.009239591420103999,-3.2869322299957275
-0.8,8.220747042076196e-10,2489.354974528123,536.8974000619587,36.589080383233394,294.68809277779184,0.0004707902665297778,13344013943894260190,train,-3.32717252466485,-3.3233447,0.0038278171758361346,-3.3189797401428223
-1.8,1.1064539714677527e-09,2488.434465234489,500.4335716276796,41.129719458135625,288.0815978442095,0.0005103966189210478,4253972365711734043,train,-3.292092211224189,-3.2836616,0.008430607296576742,-3.2887942790985107
-2.2,9.725086180844783e-10,2468.017331565751,490.28733545372194,44.50977871149023,303.263152322465,0.0005266398760590848,3744802582600429992,train,-3.278486260124055,-3.2913365,0.012850276283415507,-3.2814557552337646
0.0,1.25959298622376e-09,2354.3009197629594,499.1918367180637,40.77134716523017,305.22981462209646,0.0004502219963531,128968913270984251,train,-3.346573290629572,-3.335749,0.010824379725641542,-3.3463311195373535
-1.0,1.006938037138553e-09,2476.033687734913,499.8883185243343,35.52248114367448,306.4489109295662,0.00048445438441613065,11533471517763731933,train,-3.3147471092819543,-3.3184543,0.0037071563125281592,-3.3157808780670166
-2.2,7.516487326049726e-10,2475.0294016619155,481.8667099014746,36.16652897024234,304.10393187120707,0.0005032853663874648,4556256472297801959,train,-3.2981856970409043,-3.2946637,0.003522029362071244,-3.296586036682129
-0.4,1.0050965165320695e-09,2414.3235243349927,515.5034020410067,40.79653471954481,301.4383600393062,0.0004740782052263737,18237334030368139870,train,-3.324150010020617,-3.3193963,0.004753752620104468,-3.320542335510254
-2.8000000000000003,9.16382362452114e-10,2549.3338723326283,483.7915671011157,41.484417545989686,302.7283665488111,0.0005197784274439159,779010489516208886,train,-3.284181749145288,-3.277411,0.00677076510598118,-3.2824904918670654
-3.0,9.525981103063824e-10,2521.0178569100235,513.1122387074643,39.33447860201831,299.4635962010897,0.0005284089410975414,2217437892012799629,train,-3.2770298423889415,-3.2791994,0.002169519412206,-3.2820277214050293
-2.8000000000000003,1.1774606839117e-09,2487.5677489208106,509.6158544320055,42.33569419095241,299.8381908200232,0.0005255901131670363,14988660033747214345,train,-3.2793528128496923,-3.2750344,0.004318385206870001,-3.2762198448181152
-2.0,9.664729913030388e-10,2627.7330466636663,506.9906344590098,40.06029068650691,301.1540677406581,0.0005038824865130124,8813459275462154891,train,-3.2976707361926287,-3.2919145,0.005756273149415847,-3.2946090698242188
-2.2,8.4981307882089e-10,2622.111610500832,493.1418777793542,40.32755095458103,299.70047987606006,0.0005160269883352054,5127878088967066821,train,-3.287327584073278,-3.2873561,2.855415609204215e-05,-3.2916195392608643
-3.0,1.0040157435828723e-09,2421.1156291426087,502.3421578152334,38.33334239027114,293.10089722857373,0.000531211666434803,12886194249589357920,train,-3.274732395589171,-3.2844825,0.009750083506288032,-3.27768611907959
-0.6000000000000001,7.516487326049726e-10,2475.0294016619155,481.8667099014746,36.16652897024234,304.10393187120707,0.0004643413271373896,4556256472297801959,train,-3.333162661694605,-3.3351326,0.0019699371823480583,-3.328702211380005
-2.2,9.220148370062531e-10,2472.3739758500788,504.5088858703008,41.28793476116813,303.0641722996054,0.0005122534941389434,7538273554073210114,train,-3.2905150705449486,-3.289109,0.0014060789220238235,-3.2916858196258545
-2.2,9.664729913030388e-10,2627.7330466636663,506.9906344590098,40.06029068650691,301.1540677406581,0.0005071703592883048,8813459275462154891,train,-3.2948461359892693,-3.2884402,0.00640590848072442,-3.293156862258911
-2.2,9.50582857470194e-10,2403.738957653681,492.6388454667692,37.10727035463277,300.4554170460457,0.0005160785645413245,9184494546452176042,train,-3.2872841790907716,-3.2921777,0.004893498063769375,-3.290745496749878
0.0,8.354324428057497e-10,2430.182491588309,507.603602235917,36.73791801396338,295.61725668807514,0.0004362320695397,10829525609740651031,train,-3.3602824104854876,-3.3521156,0.008166779381971967,-3.356541395187378
-1.0,9.725086180844783e-10,2468.017331565751,490.28733545372194,44.50977871149023,303.263152322465,0.000500759463085484,3744802582600429992,train,-3.300370834891151,-3.2992706,0.0011002050083384063,-3.3011271953582764
-2.6,1.25959298622376e-09,2354.3009197629594,499.1918367180637,40.77134716523017,305.22981462209646,0.0005282241123873622,128968913270984251,train,-3.277181777991338,-3.2845247,0.00734290119262182,-3.278041362762451
-0.4,1.0803651442869379e-09,2531.060987167743,511.9316238370674,40.66002705988115,288.1838349540611,0.00047987591606412646,17485459239320075305,train,-3.318871045822774,-3.3167105,0.0021605737158405525,-3.319164514541626
-2.2,8.599648780937921e-10,2637.8899539670565,501.9551856304757,39.90381821426863,300.9815905741297,0.0005058269805982117,14435728251762431223,train,-3.2959980092889403,-3.2882416,0.007756384456786947,-3.294994592666626
-1.6,8.241763212999094e-10,2472.357675267654,473.84577322091,39.21856251436128,307.7679942040925,0.0004972767257806413,14456930291123660273,train,-3.303401866731128,-3.3027174,0.0006844194502440004,-3.3046960830688477
-0.8,1.0308127820747194e-09,2437.7200106987866,482.5972990901911,40.648465379108416,299.4728047413536,0.0004957939411654573,18026431441542812131,train,-3.3046987848180693,-3.310216,0.0055171651941376965,-3.305243968963623
-2.4000000000000004,9.682475573035431e-10,2330.6047518253104,479.0686974559265,41.64371883461047,301.63426669668445,0.000530261473826278,13640118791446356878,train,-3.2755099254223823,-3.283147,0.007637171211528848,-3.278576135635376
-2.8000000000000003,9.74908016407874e-10,2433.9347159425315,536.1873069142775,40.58953669016749,293.2225739384997,0.0005394365301555437,18393380424088899902,train,-3.268059646856455,-3.2755847,0.007525050866933558,-3.267723560333252
-3.0,1.0025105539620802e-09,2526.9743060678943,509.1946075584183,40.75166342427999,301.0515477079729,0.0005276561932063588,15180030701036252205,train,-3.2776489600932384,-3.2750185,0.0026305064952159007,-3.27712082862854
-1.4,1.0789603531824067e-09,2367.1936347140645,478.9001778930339,37.12870103512795,297.3410066095633,0.0005042943778869754,4747465828158748725,train,-3.2973158735348456,-3.3004472,0.003131352035833146,-3.2994720935821533
-2.4000000000000004,1.1762312017058683e-09,2610.23254556298,515.3751788116352,39.24041391228537,297.93305834844136,0.0005140456105328491,7155552337602576564,train,-3.2889983449659668,-3.2859557,0.00304267747023923,-3.2864274978637695
-2.4000000000000004,8.220747042076196e-10,2489.354974528123,536.8974000619587,36.589080383233394,294.68809277779184,0.0005042366811045321,13344013943894260190,train,-3.2973655644076105,-3.2970665,0.00029911428859197287,-3.294093132019043
-2.2,1.1395831540373824e-09,2538.761869465952,510.72502895181066,40.87821813200619,300.974125232131,0.0005173519836777148,3684234868495982631,train,-3.2862138813625976,-3.2880921,0.0018782550204590187,-3.28586483001709
-3.0,8.241763212999094e-10,2472.357675267654,473.84577322091,39.21856251436128,307.7679942040925,0.0005184244484051064,14456930291123660273,train,-3.285314525738809,-3.2825153,0.0027992383395170073,-3.2879292964935303
-3.0,1.1459805246638944e-09,2630.825732937456,497.4739907663986,41.26661222078493,300.2753689300697,0.0005194730347915441,12849312948239067464,train,-3.2844369912159053,-3.2726312,0.01180582285042675,-3.2785050868988037
-2.4000000000000004,9.979877857013674e-10,2496.537246315292,510.00187244466247,38.795972505421744,297.7961123434831,0.00051241313024607,1378160361063041439,train,-3.2903797502771686,-3.2859898,0.004389988924629495,-3.289306163787842
-2.8000000000000003,8.75983736068783e-10,2627.978517028968,489.37942559949954,40.91913452211564,297.20307373531364,0.0005196092431503693,5144607327742428380,train,-3.2843231320149133,-3.275225,0.009098207927388913,-3.2797648906707764
-1.2000000000000002,1.0933784852654091e-09,2410.884334287086,539.0569290920441,39.62193192256099,289.3285700165644,0.0005015938268414597,16519722322841066187,train,-3.299647817044141,-3.2940042,0.005643615155102921,-3.2922585010528564
-1.8,9.60969170700449e-10,2766.6918918406623,529.8468751484584,39.61181207182135,297.3307652107198,0.0005042489895364815,6563696386679920944,train,-3.2973549633961485,-3.2963533,0.0010016232472227493,-3.2953639030456543
-0.8,9.85546704036472e-10,2573.0239327697072,479.3922741661716,39.9154735600532,295.8292447353602,0.00047703488191445394,12112510911978131146,train,-3.32144986316306,-3.3124847,0.008965121952122512,-3.3134021759033203
-0.8,9.596807973870107e-10,2396.380469719385,547.2442070596833,39.34847113068841,298.5552181462747,0.0004884401421449303,16164245777420927440,train,-3.3111886510424005,-3.3044674,0.006721211390911197,-3.302330255508423
-1.2000000000000002,9.612679185080118e-10,2493.7557151613,504.62150372842615,37.39117268896573,297.8667082132286,0.0004840046887574366,433422742429117681,train,-3.3151504311415,-3.3070989,0.008051565632466673,-3.307872772216797
-2.4000000000000004,1.0044736023004086e-09,2276.4853940628345,486.8441992232576,38.23677890677304,298.10055132439214,0.000521117053233357,15363031408316951214,train,-3.283064714582301,-3.2844265,0.001361736147069248,-3.284576892852783
-2.8000000000000003,1.0574423663675307e-09,2585.038533860248,471.3266920396063,42.543125490608695,301.3994726877767,0.0005238831856936402,2832837163574657009,train,-3.2807655402381664,-3.2752483,0.0055172511298899884,-3.2804512977600098
-1.2000000000000002,1.0050965165320695e-09,2414.3235243349927,515.5034020410067,40.79653471954481,301.4383600393062,0.0005022428180880937,18237334030368139870,train,-3.2990862648077095,-3.2964768,0.0026094238348091103,-3.297050952911377
-2.0,9.525981103063824e-10,2521.0178569100235,513.1122387074643,39.33447860201831,299.4635962010897,0.0005144794216985733,2217437892012799629,train,-3.2886319915944298,-3.291241,0.0026089389628212167,-3.2918715476989746
-0.4,9.344027379399094e-10,2510.734791451186,511.4018674256231,36.36815079533651,301.4558439858307,0.00044983313733841583,13370015301709921327,train,-3.3469485550517204,-3.34108,0.005868604719078796,-3.341822862625122
-3.0,9.58904338765352e-10,2486.667922677388,495.3304947031063,40.43386356777175,305.1954997344612,0.0005350914447065486,13052852389533457310,train,-3.271571992674483,-3.2783227,0.006750704011308173,-3.277902603149414
0.0,1.0663734802785015e-09,2646.766281337793,486.2018595083384,41.79339850063371,299.641349014439,0.0004473117350032,5637171177688138856,train,-3.349389708175917,-3.3618338,0.012444102630357445,-3.346975326538086
-0.6000000000000001,9.136850961862703e-10,2400.1705034771794,499.3175315176618,39.85562670167986,300.93280864091923,0.00047341773850337636,689847661215077168,train,-3.3247554735091622,-3.3177073,0.0070481733230050025,-3.3198294639587402
-3.0,8.622252758820395e-10,2596.9228583838576,499.2028055441836,37.99663516660689,298.18972265332246,0.0005200568637119769,7681735671422946543,train,-3.2839491674302814,-3.2851741,0.0012249639631511933,-3.2886226177215576
-0.2,1.0692616090001279e-09,2445.881237248077,515.6238842072526,38.37558042728467,295.9516778251947,0.000458501052944238,2860266914913243763,train,-3.3386596626387863,-3.3357854,0.0028742736922531265,-3.3371310234069824
0.0,1.075576112436465e-09,2439.1914792405805,507.5653121861305,41.43318212059344,299.0815860986159,0.0004436086988009,8793357247245534573,train,-3.352999946282594,-3.3448224,0.008177539513795296,-3.3477230072021484
-0.4,1.0308127820747194e-09,2437.7200106987866,482.5972990901911,40.648465379108416,299.4728047413536,0.0004794468879776649,18026431441542812131,train,-3.3192594959715014,-3.3250084,0.005748896362482991,-3.31852650642395
-0.4,1.0849323731926979e-09,2551.147301026894,487.27717818808753,44.82712146868644,302.5978918999191,0.00047404372494593526,17938021924088880075,train,-3.3241815979315366,-3.3200998,0.004081767304095152,-3.3247873783111572
-1.8,9.634928280602635e-10,2455.009212271192,512.2369330710814,40.30940301281442,306.6726054586492,0.0005100803106431893,9415233787243991652,train,-3.2923614401309362,-3.2953887,0.003027258446944625,-3.2954230308532715
-2.2,1.0732744646319759e-09,2458.1779927472685,500.451348042105,41.29986197643443,296.3385514465405,0.0005167240487558529,15854623793106210877,train,-3.286741325566941,-3.2830257,0.003715583989792659,-3.285724401473999
-2.0,9.920951194363948e-10,2484.0228854962547,482.5603784265586,38.422268984819695,304.0303353891022,0.0005057306933505946,2314355766595058403,train,-3.2960806877590287,-3.2940493,0.0020314247585404566,-3.2936911582946777
-1.0,1.0352580576007263e-09,2678.9547588546675,473.131828680381,34.826156523967086,290.8089263982084,0.00047104316638318586,603198139025932464,train,-3.326939292312693,-3.3296566,0.002717308639455407,-3.3200268745422363
-2.4000000000000004,9.123213222215395e-10,2625.69228411366,506.617977618184,38.92442853409919,306.1252360546967,0.0005056606444394451,2928394120619732261,train,-3.296140846185322,-3.2866044,0.009536441735859214,-3.296049118041992
-2.6,1.0060692139373963e-09,2527.3807724384133,522.7157534573084,43.167246359099664,298.50956140834,0.0005364875974089416,1367897570274288222,train,-3.270440313659109,-3.2778099,0.007369544663034411,-3.2688138484954834
-2.2,1.0025105539620802e-09,2526.9743060678943,509.1946075584183,40.75166342427999,301.0515477079729,0.0005169247488311222,15180030701036252205,train,-3.286572674596697,-3.2880352,0.0014624797459541483,-3.2855489253997803
-2.8000000000000003,1.0692616090001279e-09,2445.881237248077,515.6238842072526,38.37558042728467,295.9516778251947,0.0005237003567668276,2860266914913243763,train,-3.2809171302386484,-3.284193,0.003275908701781294,-3.280880928039551
-0.6000000000000001,8.622252758820395e-10,2596.9228583838576,499.2028055441836,37.99663516660689,298.18972265332246,0.0004703049174140123,7681735671422946543,train,-3.3276204803340694,-3.328688,0.0010674259311893586,-3.326683521270752
-0.8,1.0732744646319759e-09,2458.1779927472685,500.451348042105,41.29986197643443,296.3385514465405,0.00048570353947229066,15854623793106210877,train,-3.313628731676884,-3.3046927,0.008935986468143753,-3.3092844486236572
0.0,1.0705485436227222e-09,2590.7468930890127,531.0534862964538,41.61731424149927,306.85396396460635,0.0004474335851195,4155552024635161694,train,-3.349271420139611,-3.3524983,0.0032268727833626443,-3.351916551589966
-0.6000000000000001,1.0375673846448864e-09,2379.4103992541063,496.85223216497695,39.047727684139495,305.18782525816323,0.0004751403560036449,3141391476646313355,train,-3.3231780812512377,-3.3214965,0.0016815945874193439,-3.317445755004883
-1.8,1.0060692139373963e-09,2527.3807724384133,522.7157534573084,43.167246359099664,298.50956140834,0.0005237048744471725,1367897570274288222,train,-3.280913383830694,-3.290308,0.009394614826532699,-3.2800819873809814
-2.6,7.516487326049726e-10,2475.0294016619155,481.8667099014746,36.16652897024234,304.10393187120707,0.0005089919251786082,4556256472297801959,train,-3.2932891074042816,-3.2921042,0.0011848631721038672,-3.2917709350585938
-2.6,9.756514716409811e-10,2404.497548871577,500.9208966540563,41.62971960161597,300.52976098251094,0.0005328572224618111,7311808897764695838,train,-3.2733891433253928,-3.2792366,0.005847411774094535,-3.2761940956115723
-3.0,9.162514515645111e-10,2366.748252214537,515.4599435910573,36.43861892729903,303.676124223718,0.000504745343546916,17492872546512810480,train,-3.296927678884982,-3.2951407,0.001786935629366937,-3.2911217212677
-1.8,1.0692616090001279e-09,2445.881237248077,515.6238842072526,38.37558042728467,295.9516778251947,0.0005090666224843413,2860266914913243763,train,-3.2932253770268383,-3.2933426,0.0001172133051929869,-3.294114589691162
-0.4,9.603042271636284e-10,2438.0715583385486,503.6957420101608,43.08491203323523,298.5763734449834,0.000480085255492487,2124884718484563516,train,-3.318681631994972,-3.311857,0.0068246469028090395,-3.3156580924987793
-1.0,1.0728366895058958e-09,2396.471193900285,522.5703607996403,39.66536493364173,302.3426017448898,0.0004965547461599353,10539271283961051071,train,-3.304032862688351,-3.3014128,0.0026200418723107965,-3.3033955097198486
-0.2,1.0040157435828723e-09,2421.1156291426087,502.3421578152334,38.33334239027114,293.10089722857373,0.0004633952449393108,12886194249589357920,train,-3.3340484269707598,-3.3335023,0.0005461343377031191,-3.334575891494751
-1.8,1.0050965165320695e-09,2414.3235243349927,515.5034020410067,40.79653471954481,301.4383600393062,0.0005153770081684371,18237334030368139870,train,-3.2878749599572177,-3.2907083,0.002833343494320406,-3.2880513668060303
-1.6,1.1459805246638944e-09,2630.825732937456,497.4739907663986,41.26661222078493,300.2753689300697,0.0004982636464397297,12849312948239067464,train,-3.3025407980116936,-3.2975917,0.004949111762914349,-3.2976105213165283
-2.0,9.928313705154955e-10,2556.196978076177,523.0189213691006,40.51326020590248,298.8914974420704,0.0005175922889294899,903425415547655004,train,-3.2860122023940654,-3.2904074,0.004395216810646474,-3.2864391803741455
-3.0,8.75983736068783e-10,2627.978517028968,489.37942559949954,40.91913452211564,297.20307373531364,0.0005220343011615086,5144607327742428380,train,-3.2823009599943944,-3.2726285,0.00967241423328602,-3.2772793769836426
-0.4,8.622252758820395e-10,2596.9228583838576,499.2028055441836,37.99663516660689,298.18972265332246,0.00046141987124765174,7681735671422946543,train,-3.3359037063312362,-3.3366745,0.0007707454967667005,-3.334763288497925
-1.6,9.220148370062531e-10,2472.3739758500788,504.5088858703008,41.28793476116813,303.0641722996054,0.0005017068344022908,7538273554073210114,train,-3.2995499828411234,-3.29634,0.0032099941326273473,-3.2992663383483887
-0.4,1.0040157435828723e-09,2421.1156291426087,502.3421578152334,38.33334239027114,293.10089722857373,0.00047412321034269916,12886194249589357920,train,-3.3241087836031675,-3.326573,0.002464111446881301,-3.3230836391448975
-1.8,9.220148370062531e-10,2472.3739758500788,504.5088858703008,41.28793476116813,303.0641722996054,0.0005055869844684674,7538273554073210114,train,-3.296204114801386,-3.294307,0.0018971213168890166,-3.297060251235962
-2.0,1.006299553709699e-09,2596.53014928976,491.578961058072,40.01001805266426,305.28831051478386,0.0005046656749650864,6325844468188908084,train,-3.2969962329722806,-3.294249,0.0027471752025052254,-3.2971596717834473
-0.8,1.0663734802785015e-09,2646.766281337793,486.2018595083384,41.79339850063371,299.641349014439,0.0004906075916252338,5637171177688138856,train,-3.3092657358372586,-3.313164,0.0038982599055392697,-3.30985426902771
-2.8000000000000003,9.58904338765352e-10,2486.667922677388,495.3304947031063,40.43386356777175,305.1954997344612,0.0005326969841906602,13052852389533457310,train,-3.273519761921876,-3.2811167,0.007596962092406123,-3.2801592350006104
0.0,1.1396379394271226e-09,2408.4924726992253,490.0725825278824,43.06550150160359,292.35304316269765,0.0004583574547372,10954724855113224492,train,-3.338795700880053,-3.3365924,0.002203265043260849,-3.3359851837158203
-1.6,9.42387899986183e-10,2596.3418775504824,506.9916211367261,42.54178389838287,305.55199671356803,0.0005025611151049155,3392607520233113049,train,-3.2988111173126224,-3.3011968,0.0023856962707515805,-3.300194501876831
-1.8,1.1459805246638944e-09,2630.825732937456,497.4739907663986,41.26661222078493,300.2753689300697,0.0005021420135043439,12849312948239067464,train,-3.299173440307066,-3.2946224,0.0045510190424176145,-3.2954094409942627
-1.4,1.0455070732925304e-09,2552.705145034877,518.1497095238773,37.60227540602951,298.4772867617408,0.00048817823263847584,13753303497944442308,train,-3.3114215892280314,-3.3035185,0.007903055521366387,-3.3038699626922607
-3.0,1.0050965165320695e-09,2414.3235243349927,515.5034020410067,40.79653471954481,301.4383600393062,0.0005326255205326016,18237334030368139870,train,-3.273578028357177,-3.2757232,0.00214519056066953,-3.2732582092285156
-2.4000000000000004,9.634928280602635e-10,2455.009212271192,512.2369330710814,40.30940301281442,306.6726054586492,0.000519776430848803,9415233787243991652,train,-3.2841834173790194,-3.2885053,0.004321898401620228,-3.287139415740967
-0.8,9.89297888860932e-10,2413.8801533334354,510.75595836241,38.53132745549709,285.1813868750008,0.00048731749771233534,6508029577517650568,train,-3.3121879944806323,-3.306996,0.005191887379191851,-3.312018871307373
-3.0,1.104689398918354e-09,2572.8324404304963,485.2307246352714,40.714467773434976,300.93677074401546,0.0005281619659588727,9216328605101287225,train,-3.2772328764515457,-3.2739358,0.003297081621223441,-3.2766075134277344
-0.2,9.118663996020179e-10,2651.95019435956,481.7408591707263,38.899871401178025,300.40158819211445,0.0004460192878374484,17319768135093042826,train,-3.3506463600765386,-3.345004,0.00564227835046438,-3.3459174633026123
-2.6,1.0692616090001279e-09,2445.881237248077,515.6238842072526,38.37558042728467,295.9516778251947,0.0005212247292786007,2860266914913243763,train,-3.2829749875594887,-3.2850993,0.002124280400106038,-3.283017873764038
-2.2,9.123213222215395e-10,2625.69228411366,506.617977618184,38.92442853409919,306.1252360546967,0.0005026692443756075,2928394120619732261,train,-3.298717686099902,-3.2900343,0.008683391971484156,-3.2989025115966797
-2.8000000000000003,1.0789603531824067e-09,2367.1936347140645,478.9001778930339,37.12870103512795,297.3410066095633,0.0005265104082245715,4747465828158748725,train,-3.2785930391227134,-3.2882662,0.0096731428230874,-3.2829601764678955
-2.6,1.1395831540373824e-09,2538.761869465952,510.72502895181066,40.87821813200619,300.974125232131,0.0005230396957261419,3684234868495982631,train,-3.2814653494107238,-3.2809718,0.0004935838925352876,-3.2802681922912598
-3.0,1.1201765668553064e-09,2329.913862262383,487.444276821995,41.61971486534147,298.1037724082114,0.0005416088344021887,10813817281839957845,train,-3.2663142603110398,-3.2698112,0.00349689310082546,-3.2681710720062256
-2.2,8.589969950121182e-10,2505.474763633521,514.8627810246533,39.90795077029272,306.8673078749587,0.000506644396821705,8372103036707258832,train,-3.2952967560183213,-3.291411,0.003885833014170892,-3.293914318084717
0.0,1.000096056099185e-09,2446.239819629679,503.61049666576776,43.101977222602514,303.9832024614659,0.0004518656204944,13944279034983237670,train,-3.3449907000442196,-3.342703,0.0022875960250545724,-3.3435888290405273
-3.0,8.89459518994858e-10,2383.601346469497,502.4892009812192,38.55163090195673,309.2198732722366,0.0005234954844699015,3483175946691254694,train,-3.2810870600754205,-3.2872813,0.006194214720111724,-3.2853879928588867
-1.2000000000000002,9.664729913030388e-10,2627.7330466636663,506.9906344590098,40.06029068650691,301.1540677406581,0.0004869151713145446,8813459275462154891,train,-3.3125466934854435,-3.305585,0.006961785953705224,-3.3067359924316406
-2.4000000000000004,9.162514515645111e-10,2366.748252214537,515.4599435910573,36.43861892729903,303.676124223718,0.0004975713820103259,17492872546512810480,train,-3.303144606195876,-3.2934766,0.00966802462238947,-3.2975478172302246
-1.2000000000000002,1.0060692139373963e-09,2527.3807724384133,522.7157534573084,43.167246359099664,298.50956140834,0.000510189252453887,1367897570274288222,train,-3.2922686943917205,-3.2950714,0.0028026690573761392,-3.2874867916107178
-1.4,1.0732744646319759e-09,2458.1779927472685,500.451348042105,41.29986197643443,296.3385514465405,0.0005021365318543085,15854623793106210877,train,-3.299178181323138,-3.292832,0.006346283587542079,-3.2955482006073
-1.0,1.0732744646319759e-09,2458.1779927472685,500.451348042105,41.29986197643443,296.3385514465405,0.0004919062482365165,15854623793106210877,train,-3.30811766095885,-3.2993696,0.008748087365710422,-3.303990364074707
-2.2,1.243555870393131e-09,2440.816535503744,483.6779599156501,38.81204244575611,302.5323056028984,0.0005117144216163717,4261926717090881150,train,-3.290972343160477,-3.2900767,0.0008956105249788848,-3.288557529449463
-1.4,7.777840542828623e-10,2445.911024694583,482.1130919467457,41.27682283342508,300.8565986758517,0.0004959420456881015,13149960228396626776,train,-3.304569070905778,-3.2975347,0.007034366697403982,-3.29974365234375
-2.6,1.0732744646319759e-09,2458.1779927472685,500.451348042105,41.29986197643443,296.3385514465405,0.0005222167263980641,15854623793106210877,train,-3.2821492220074333,-3.2765238,0.0056253935009635825,-3.2800872325897217
-1.0,9.682475573035431e-10,2330.6047518253104,479.0686974559265,41.64371883461047,301.63426669668445,0.0005018988582226497,13640118791446356878,train,-3.299383792299945,-3.2979252,0.0014585584590025569,-3.3012051582336426
-1.4,1.0727510291740675e-09,2408.6350240081065,515.7307920217833,36.322106531247385,300.55707391972635,0.0004852398177470853,16501516911797089168,train,-3.3140435690620116,-3.304134,0.009909677002685413,-3.3048064708709717
-1.8,9.808684991835892e-10,2440.440905080504,475.02919518003887,43.13862383173334,296.64614602139693,0.000524611720755039,10893922623691634355,train,-3.2801620107293212,-3.2866268,0.006464805066577206,-3.2843739986419678
-2.4000000000000004,1.104689398918354e-09,2572.8324404304963,485.2307246352714,40.714467773434976,300.93677074401546,0.0005205452083275208,9216328605101287225,train,-3.2835415468939284,-3.2841403,0.0005988015405198333,-3.284423351287842
-2.0,8.979123523428992e-10,2531.360993910196,491.918494232159,35.793021097389925,308.86985058095934,0.0005122703224182259,579736006479800074,train,-3.290500803568008,-3.2965252,0.006024436376450115,-3.299888849258423
-1.2000000000000002,1.1774606839117e-09,2487.5677489208106,509.6158544320055,42.33569419095241,299.8381908200232,0.0004975252014708432,14988660033747214345,train,-3.303184915757412,-3.2971876,0.005997349000209873,-3.299089193344116
-0.8,1.0806933086411387e-09,2604.781653428076,466.5836923998952,39.33731057072893,297.69705044733973,0.0004855840536081275,3371631208540637995,train,-3.313735583760866,-3.3159041,0.0021685567115459214,-3.314479351043701
-0.6000000000000001,1.0803651442869379e-09,2531.060987167743,511.9316238370674,40.66002705988115,288.1838349540611,0.0004886698308385775,17485459239320075305,train,-3.31098447231779,-3.3096373,0.0013471641970626003,-3.311422824859619
-2.8000000000000003,1.066709170571727e-09,2302.646144768272,474.8978179470865,37.69553984942066,294.1521471075916,0.0005204175241162391,3765765162242439701,train,-3.2836480877852314,-3.283566,8.20897078388505e-05,-3.2816548347473145
-0.8,8.762920771795992e-10,2597.67569731618,502.646286170094,38.978559546027874,295.06946514256083,0.00047050856235323843,2033506848451370756,train,-3.3274324688383654,-3.3161244,0.011308029598863456,-3.319643259048462
-2.4000000000000004,9.928313705154955e-10,2556.196978076177,523.0189213691006,40.51326020590248,298.8914974420704,0.000523861374071127,903425415547655004,train,-3.280783622254841,-3.284035,0.0032513451676443594,-3.2816555500030518
-2.0,1.2225799825820127e-09,2598.953191343567,516.8045118894966,39.85430360518959,306.74502895459364,0.0005043723286362098,17234994038809733169,train,-3.297248748130386,-3.2944365,0.0028122933574366016,-3.29805850982666
-0.4,9.16382362452114e-10,2549.3338723326283,483.7915671011157,41.484417545989686,302.7283665488111,0.00046305842846044185,779010489516208886,train,-3.3343642064831767,-3.3307104,0.0036537954113993187,-3.3294429779052734
-1.8,1.066709170571727e-09,2302.646144768272,474.8978179470865,37.69553984942066,294.1521471075916,0.0005064447278085172,3765765162242439701,train,-3.295467945600065,-3.2896218,0.005846115613492575,-3.293093681335449
-0.2,1.0806933086411387e-09,2604.781653428076,466.5836923998952,39.33731057072893,297.69705044733973,0.00045823453004896464,3371631208540637995,train,-3.3389121878557115,-3.3411295,0.0022173535413831935,-3.3397703170776367
-1.2000000000000002,9.220148370062531e-10,2472.3739758500788,504.5088858703008,41.28793476116813,303.0641722996054,0.0004924786934880558,7538273554073210114,train,-3.3076125540003383,-3.3010964,0.006516114638766002,-3.3059184551239014
-2.0,1.243555870393131e-09,2440.816535503744,483.6779599156501,38.81204244575611,302.5323056028984,0.000508558838850713,4261926717090881150,train,-3.2936587931642434,-3.2929268,0.0007320048341652452,-3.291826009750366
-1.4,1.000096056099185e-09,2446.239819629679,503.61049666576776,43.101977222602514,303.9832024614659,0.0005121975366567539,13944279034983237670,train,-3.2905625145418402,-3.295224,0.004661436797881446,-3.292835235595703
-2.2,9.525981103063824e-10,2521.0178569100235,513.1122387074643,39.33447860201831,299.4635962010897,0.0005177401374038587,2217437892012799629,train,-3.285888165369088,-3.2883387,0.0024504958247595354,-3.2896974086761475
-0.4,9.928313705154955e-10,2556.196978076177,523.0189213691006,40.51326020590248,298.8914974420704,0.00047214099427850395,903425415547655004,train,-3.325928289727586,-3.3271933,0.0012649704652849536,-3.3212738037109375
-2.0,8.762920771795992e-10,2597.67569731618,502.646286170094,38.978559546027874,295.06946514256083,0.0004983738925527206,2033506848451370756,train,-3.302444716383528,-3.291594,0.010850687910627599,-3.297661542892456
-2.2,1.25959298622376e-09,2354.3009197629594,499.1918367180637,40.77134716523017,305.22981462209646,0.0005227044429915914,128968913270984251,train,-3.2817438083802855,-3.2892594,0.007515625366052436,-3.283026933670044
0.0,9.603042271636284e-10,2438.0715583385486,503.6957420101608,43.08491203323523,298.5763734449834,0.0004538594492497,2124884718484563516,train,-3.3430786182128855,-3.3419163,0.0011622955047556616,-3.3396904468536377
-0.8,1.018423641836786e-09,2420.2103352289205,495.3862399264609,39.18777263938059,307.5354074756815,0.0004771802879021483,9985116505034206452,train,-3.3213175051361126,-3.3165703,0.004747223153690694,-3.312591791152954
-2.4000000000000004,1.0455070732925304e-09,2552.705145034877,518.1497095238773,37.60227540602951,298.4772867617408,0.0005055792660839392,13753303497944442308,train,-3.2962107448719764,-3.2900481,0.006162622465970546,-3.2906033992767334
0.0,8.758150413106088e-10,2554.792538970499,492.8309420700668,37.207464786418186,297.95471711920453,0.000432869620059,14100953261967155807,train,-3.363642893058905,-3.3581011,0.0055417635270447185,-3.356532096862793
0.0,9.89963136259949e-10,2542.7024133885266,503.0087467521194,39.0211226249472,305.0510216058231,0.0004335174212126,380264510751012186,train,-3.3629934453977435,-3.3579574,0.005036082269081366,-3.3534176349639893
-1.6,1.1396379394271226e-09,2408.4924726992253,490.0725825278824,43.06550150160359,292.35304316269765,0.0005211179407591377,10954724855113224492,train,-3.2830639749265584,-3.2812474,0.0018165975309285542,-3.2828221321105957
-1.0,1.0375673846448864e-09,2379.4103992541063,496.85223216497695,39.047727684139495,305.18782525816323,0.0004885181480757585,3141391476646313355,train,-3.311119297937512,-3.3071966,0.003922680811047297,-3.3065075874328613
-2.4000000000000004,1.0849323731926979e-09,2551.147301026894,487.27717818808753,44.82712146868644,302.5978918999191,0.0005264240515277595,17938021924088880075,train,-3.278664276675322,-3.2882488,0.00958450071420458,-3.2809481620788574
-2.6,1.0849323731926979e-09,2551.147301026894,487.27717818808753,44.82712146868644,302.5978918999191,0.0005291831539516746,17938021924088880075,train,-3.2763939896211194,-3.2834456,0.007051607073826904,-3.2779457569122314
-1.4,1.0849323731926979e-09,2551.147301026894,487.27717818808753,44.82712146868644,302.5978918999191,0.000508186286328206,17938021924088880075,train,-3.293977058790462,-3.299856,0.005878888704044627,-3.2963016033172607
-2.2,8.762920771795992e-10,2597.67569731618,502.646286170094,38.978559546027874,295.06946514256083,0.0005015237526791938,2033506848451370756,train,-3.2997084935244794,-3.2888489,0.010859616571354369,-3.2943153381347656
-0.8,1.0705485436227222e-09,2590.7468930890127,531.0534862964538,41.61731424149927,306.85396396460635,0.000490940345658612,4155552024635161694,train,-3.308971275952878,-3.3131866,0.004215369554934512,-3.3124701976776123
-0.4,1.000096056099185e-09,2446.239819629679,503.61049666576776,43.101977222602514,303.9832024614659,0.0004783494695348775,13944279034983237670,train,-3.3202547033114844,-3.3162796,0.003975053576987353,-3.3202388286590576
-0.8,1.0073410050818803e-09,2574.374612551252,485.6872921198837,42.17824256593523,298.72995545788456,0.0004867211276838009,9029148243980292461,train,-3.3127198014093837,-3.309672,0.003047684176107346,-3.3071064949035645
-1.4,1.075576112436465e-09,2439.1914792405805,507.5653121861305,41.43318212059344,299.0815860986159,0.0005013461723695455,8793357247245534573,train,-3.299862296420458,-3.2937422,0.006120116549852561,-3.2952001094818115
-0.2,9.136850961862703e-10,2400.1705034771794,499.3175315176618,39.85562670167986,300.93280864091923,0.0004539938287143018,689847661215077168,train,-3.3429500506088456,-3.3319917,0.010958378092976506,-3.3397347927093506
-0.2,1.1395831540373824e-09,2538.761869465952,510.72502895181066,40.87821813200619,300.974125232131,0.00045839157969394497,3684234868495982631,train,-3.3387633686280194,-3.336765,0.0019983177399578445,-3.3367278575897217
-2.8000000000000003,1.0455070732925304e-09,2552.705145034877,518.1497095238773,37.60227540602951,298.4772867617408,0.0005106745514660564,13753303497944442308,train,-3.291855783877849,-3.2878206,0.004035206256388868,-3.28605580329895
-2.4000000000000004,1.000072357945733e-09,2615.067429542859,502.8265147659643,41.97319841319997,303.92619603855775,0.0005222728605263914,2056914843148536795,train,-3.282102541327209,-3.286776,0.0046735244992071046,-3.286871910095215
-2.4000000000000004,8.89459518994858e-10,2383.601346469497,502.4892009812192,38.55163090195673,309.2198732722366,0.0005158779736284593,3483175946691254694,train,-3.287453014743151,-3.2913928,0.003939788448987791,-3.2919225692749023
-0.4,1.0732744646319759e-09,2458.1779927472685,500.451348042105,41.29986197643443,296.3385514465405,0.00046975892576062145,15854623793106210877,train,-3.3281249592385977,-3.3187068,0.00941820836884677,-3.3227434158325195
-3.0,9.143704143090119e-10,2444.5179463100326,473.4138143725302,40.94136333558407,299.94201571725745,0.0005236781205837768,11714911050137312102,train,-3.280935570662636,-3.2730362,0.007899329131264121,-3.279071569442749
0.0,9.344027379399094e-10,2510.734791451186,511.4018674256231,36.36815079533651,301.4558439858307,0.000425737428557,13370015301709921327,train,-3.370858167297088,-3.3565464,0.014311765319548808,-3.3641979694366455
-1.6,9.682475573035431e-10,2330.6047518253104,479.0686974559265,41.64371883461047,301.63426669668445,0.0005166117521400391,13640118791446356878,train,-3.286835718504327,-3.2912397,0.004404019960028371,-3.2896015644073486
-1.8,9.525981103063824e-10,2521.0178569100235,513.1122387074643,39.33447860201831,299.4635962010897,0.0005109038130901398,2217437892012799629,train,-3.291660855983176,-3.2940414,0.0023805392042017814,-3.2939395904541016
-3.0,8.354324428057497e-10,2430.182491588309,507.603602235917,36.73791801396338,295.61725668807514,0.0005159622834435915,10829525609740651031,train,-3.287382043897978,-3.2955415,0.008159480989106793,-3.2882986068725586
-1.2000000000000002,1.0044736023004086e-09,2276.4853940628345,486.8441992232576,38.23677890677304,298.10055132439214,0.0004994691045963008,15363031408316951214,train,-3.301491370537739,-3.2973797,0.004111638405781104,-3.300706148147583
-1.8,9.798133860644783e-10,2446.0111249981446,493.4775434169566,39.325337668236735,299.6111127589073,0.0005135199346554037,7157631882990673600,train,-3.289442692587058,-3.2930188,0.0035761253145532024,-3.291557550430298
-1.2000000000000002,1.1459805246638944e-09,2630.825732937456,497.4739907663986,41.26661222078493,300.2753689300697,0.0004890613325475689,12849312948239067464,train,-3.3106366731531014,-3.304014,0.006622705639063309,-3.3043596744537354
-1.2000000000000002,1.0849323731926979e-09,2551.147301026894,487.27717818808753,44.82712146868644,302.5978918999191,0.0005031562378005325,17938021924088880075,train,-3.2982971388430613,-3.3010929,0.0027957242398244375,-3.2997119426727295
-1.8,7.777840542828623e-10,2445.911024694583,482.1130919467457,41.27682283342508,300.8565986758517,0.0005041866824413805,13149960228396626776,train,-3.2974086299380456,-3.292786,0.0046227469882165195,-3.294567823410034
-1.2000000000000002,9.525981103063824e-10,2521.0178569100235,513.1122387074643,39.33447860201831,299.4635962010897,0.0004976528949263799,2217437892012799629,train,-3.303073465226859,-3.3036466,0.0005730992567833937,-3.303663969039917
-1.4,8.241763212999094e-10,2472.357675267654,473.84577322091,39.21856251436128,307.7679942040925,0.000492951985257572,14456930291123660273,train,-3.3071953800193175,-3.305914,0.001281454848419017,-3.306950569152832
-2.0,1.0671658198705112e-09,2444.626831258547,492.08006432381046,41.193035529790656,301.7038514591378,0.0005095536800627211,10743645008157788724,train,-3.292810057531927,-3.2908595,0.0019505967012385383,-3.288715124130249
-0.6000000000000001,9.60969170700449e-10,2766.6918918406623,529.8468751484584,39.61181207182135,297.3307652107198,0.00047099793582773905,6563696386679920944,train,-3.326980996184452,-3.3266578,0.0003232241202431041,-3.320315361022949
-1.0,9.920951194363948e-10,2484.0228854962547,482.5603784265586,38.422268984819695,304.0303353891022,0.0004837258310530895,2314355766595058403,train,-3.3154007205828413,-3.313639,0.0017617950304731345,-3.309018850326538
-1.0,1.1395831540373824e-09,2538.761869465952,510.72502895181066,40.87821813200619,300.974125232131,0.0004919083983934389,3684234868495982631,train,-3.3081157626311724,-3.3069212,0.0011945189635698128,-3.3063690662384033
-3.0,1.0060692139373963e-09,2527.3807724384133,522.7157534573084,43.167246359099664,298.50956140834,0.0005414720095465176,1367897570274288222,train,-3.2664239885560793,-3.2696018,0.0031778333433347683,-3.264906644821167
-0.4,9.50582857470194e-10,2403.738957653681,492.6388454667692,37.10727035463277,300.4554170460457,0.0004692747836802189,9184494546452176042,train,-3.328572781825779,-3.3358939,0.007321087574245322,-3.3287532329559326
-1.8,9.603042271636284e-10,2438.0715583385486,503.6957420101608,43.08491203323523,298.5763734449834,0.0005222261057507157,2124884718484563516,train,-3.2821414218656257,-3.288044,0.005902553964452384,-3.283254861831665
-2.4000000000000004,1.032683367538443e-09,2526.170348943833,478.8149532207128,42.09307571557734,293.4443281911712,0.0005265037184083365,12981595077382156139,train,-3.2785985572828262,-3.276747,0.0018515689863174423,-3.2778875827789307
-1.8,1.0806933086411387e-09,2604.781653428076,466.5836923998952,39.33731057072893,297.69705044733973,0.0005106096793948086,3371631208540637995,train,-3.291910956731319,-3.2929497,0.001038719782352704,-3.296964168548584
-2.4000000000000004,9.16382362452114e-10,2549.3338723326283,483.7915671011157,41.484417545989686,302.7283665488111,0.0005145255651706391,779010489516208886,train,-3.2885930416271054,-3.2856445,0.0029485103771054177,-3.2882609367370605
0.0,8.589969950121182e-10,2505.474763633521,514.8627810246533,39.90795077029272,306.8673078749587,0.0004327279798175,8372103036707258832,train,-3.3637850227872144,-3.3506966,0.013088459066511238,-3.358297109603882
-2.8000000000000003,1.2307353848142815e-09,2445.249484887284,482.48119148575233,42.87746783295031,307.55593866537106,0.0005315774670430562,15038946426069692038,train,-3.274433436582327,-3.284768,0.010334667970895772,-3.274834394454956
-1.0,9.143704143090119e-10,2444.5179463100326,473.4138143725302,40.94136333558407,299.94201571725745,0.000488068291881326,11714911050137312102,train,-3.311519406046159,-3.3049269,0.006592533792741051,-3.3078815937042236
-2.0,1.0147448677929011e-09,2607.8117384734032,505.1107398178068,40.31257836583995,298.21936914217434,0.0005138421086935966,833253205382390921,train,-3.2891703087424493,-3.29051,0.0013396304512762747,-3.2911324501037598
-1.0,8.354324428057497e-10,2430.182491588309,507.603602235917,36.73791801396338,295.61725668807514,0.00048179697783212267,10829525609740651031,train,-3.317135928528105,-3.31301,0.004125951187406773,-3.313559055328369
0.0,1.0732744646319759e-09,2458.1779927472685,500.451348042105,41.29986197643443,296.3385514465405,0.0004448055192419,15854623793106210877,train,-3.3518298325738622,-3.3469348,0.004895037194223573,-3.34676456451416
-2.2,1.0849323731926979e-09,2551.147301026894,487.27717818808753,44.82712146868644,302.5978918999191,0.0005234388205619069,17938021924088880075,train,-3.2811340712822763,-3.292265,0.011130867072215889,-3.2840490341186523
-0.6000000000000001,1.0705485436227222e-09,2590.7468930890127,531.0534862964538,41.61731424149927,306.85396396460635,0.0004832756999140542,4155552024635161694,train,-3.3158050415227263,-3.320289,0.004483855037942686,-3.3186800479888916
-1.4,8.4981307882089e-10,2622.111610500832,493.1418777793542,40.32755095458103,299.70047987606006,0.0005006214177001821,5127878088967066821,train,-3.300490574244316,-3.3005285,3.7952061836321604e-05,-3.301193952560425
-2.6,1.2307353848142815e-09,2445.249484887284,482.48119148575233,42.87746783295031,307.55593866537106,0.0005290544382932872,15038946426069692038,train,-3.276499637919493,-3.2890542,0.012554517430238388,-3.278045654296875
-1.6,9.798133860644783e-10,2446.0111249981446,493.4775434169566,39.325337668236735,299.6111127589073,0.0005096843216238967,7157631882990673600,train,-3.2926987255185156,-3.2956908,0.002992049399086927,-3.2936298847198486
-0.4,9.979877857013674e-10,2496.537246315292,510.00187244466247,38.795972505421744,297.7961123434831,0.0004621325304312838,1378160361063041439,train,-3.3352334595497926,-3.330833,0.004400501328357009,-3.330305337905884
-0.8,9.304065850268983e-10,2472.4930947482308,495.539662311,41.9345213676303,296.5403011366731,0.000489475912108776,1906069974405082520,train,-3.3102686756599082,-3.3036401,0.006628548477901397,-3.3106565475463867
-2.4000000000000004,9.725086180844783e-10,2468.017331565751,490.28733545372194,44.50977871149023,303.263152322465,0.0005296192956010982,3744802582600429992,train,-3.2760362006445907,-3.287946,0.011909785149476715,-3.278320550918579
0.0,1.0727510291740675e-09,2408.6350240081065,515.7307920217833,36.322106531247385,300.55707391972635,0.0004305844216262,16501516911797089168,train,-3.365941686830612,-3.350272,0.015669746599288548,-3.353976011276245
-1.2000000000000002,1.0352580576007263e-09,2678.9547588546675,473.131828680381,34.826156523967086,290.8089263982084,0.0004763872260759088,603198139025932464,train,-3.3220398922755785,-3.3238764,0.0018364886448316575,-3.3146705627441406
-0.2,8.589969950121182e-10,2505.474763633521,514.8627810246533,39.90795077029272,306.8673078749587,0.00044753147565102327,8372103036707258832,train,-3.349176414603185,-3.3377142,0.011462219351720204,-3.3453617095947266
-0.8,1.0352580576007263e-09,2678.9547588546675,473.131828680381,34.826156523967086,290.8089263982084,0.00046498101008054827,603198139025932464,train,-3.332564783423243,-3.337193,0.0046282288143060235,-3.32550311088562
-0.2,9.926993823896762e-10,2332.1716999604114,489.929360905385,39.90607827400121,296.137708789732,0.000456570639351496,8562678507013604755,train,-3.340492020085415,-3.3247557,0.015736351445278185,-3.3304929733276367
-2.0,9.634928280602635e-10,2455.009212271192,512.2369330710814,40.30940301281442,306.6726054586492,0.0005136082337903168,9415233787243991652,train,-3.289368022592948,-3.2935019,0.004133831349923067,-3.2927396297454834
-3.0,9.725086180844783e-10,2468.017331565751,490.28733545372194,44.50977871149023,303.263152322465,0.0005372560229166456,3744802582600429992,train,-3.2698187071444718,-3.2738996,0.004080848061827069,-3.270138740539551
-0.6000000000000001,1.2307353848142815e-09,2445.249484887284,482.48119148575233,42.87746783295031,307.55593866537106,0.00048388928950376985,15038946426069692038,train,-3.315253990540455,-3.3176162,0.0023622337484852096,-3.3157451152801514
-0.6000000000000001,1.1459805246638944e-09,2630.825732937456,497.4739907663986,41.26661222078493,300.2753689300697,0.00046995925772234525,12849312948239067464,train,-3.3279397908160373,-3.3218513,0.006088537306515818,-3.3209848403930664
-2.2,1.0692616090001279e-09,2445.881237248077,515.6238842072526,38.37558042728467,295.9516778251947,0.0005156616987923543,2860266914913243763,train,-3.2876351249843414,-3.288795,0.001159869369906641,-3.2880749702453613
-1.0,9.634928280602635e-10,2455.009212271192,512.2369330710814,40.30940301281442,306.6726054586492,0.0004913414741852991,9415233787243991652,train,-3.3086165754751975,-3.3058012,0.002815422292214098,-3.3093037605285645
-2.0,8.622252758820395e-10,2596.9228583838576,499.2028055441836,37.99663516660689,298.18972265332246,0.0005062406184083256,7681735671422946543,train,-3.295643011997025,-3.2932298,0.0024131936529085962,-3.2974250316619873
-2.0,1.120623623770265e-09,2459.871490367434,512.0011452017391,38.21649432972869,303.56534322943094,0.0005099116023189249,2671493380122846465,train,-3.2925051061620416,-3.293479,0.0009738595972357267,-3.2961325645446777
-2.6,9.979877857013674e-10,2496.537246315292,510.00187244466247,38.795972505421744,297.7961123434831,0.0005151194335608676,1378160361063041439,train,-3.288092065477519,-3.2837632,0.004328895235209629,-3.2871172428131104
-2.0,1.013177684158949e-09,2549.0982526102403,506.5025106580401,39.7132385315927,304.62183232922587,0.0005133583251739052,14934561482547682078,train,-3.2895793905956987,-3.2936425,0.004063130308842311,-3.2956812381744385
-0.6000000000000001,9.244750759855351e-10,2606.766252024905,514.7015322051607,39.36697999872778,300.425811364213,0.00047450034964257573,13867644369009061341,train,-3.3237634632202813,-3.3258631,0.0020996597197822098,-3.3275249004364014
-3.0,9.808684991835892e-10,2440.440905080504,475.02919518003887,43.13862383173334,296.64614602139693,0.0005421194373084478,10893922623691634355,train,-3.265905021119207,-3.2655632,0.00034177153119419046,-3.2675225734710693
-0.6000000000000001,9.725086180844783e-10,2468.017331565751,490.28733545372194,44.50977871149023,303.263152322465,0.00048663202600640945,3744802582600429992,train,-3.3127993128729893,-3.3084078,0.004391529364688562,-3.313617467880249
-0.4,9.162514515645111e-10,2366.748252214537,515.4599435910573,36.43861892729903,303.676124223718,0.00044954361285729145,17492872546512810480,train,-3.347228168436977,-3.3345716,0.012656568476649976,-3.3381407260894775
-2.0,1.0050965165320695e-09,2414.3235243349927,515.5034020410067,40.79653471954481,301.4383600393062,0.0005189152765945802,18237334030368139870,train,-3.2849035437142677,-3.2888308,0.003927213426845544,-3.285114288330078
-0.8,9.664729913030388e-10,2627.7330466636663,506.9906344590098,40.06029068650691,301.1540677406581,0.00047492692646286825,8813459275462154891,train,-3.3233732069546575,-3.3173244,0.006048807006537427,-3.317723035812378
-3.0,9.612679185080118e-10,2493.7557151613,504.62150372842615,37.39117268896573,297.8667082132286,0.0005130662605644413,433422742429117681,train,-3.289826543778573,-3.2894056,0.00042095944324582746,-3.286059617996216
-1.0,1.0050965165320695e-09,2414.3235243349927,515.5034020410067,40.79653471954481,301.4383600393062,0.0004967346572383295,18237334030368139870,train,-3.303875538168091,-3.3002186,0.0036569560147707847,-3.301889657974243
-0.8,9.926993823896762e-10,2332.1716999604114,489.929360905385,39.90607827400121,296.137708789732,0.00048231896404660397,8562678507013604755,train,-3.316665661945255,-3.3034523,0.013213408603580223,-3.306436777114868
-1.2000000000000002,1.013177684158949e-09,2549.0982526102403,506.5025106580401,39.7132385315927,304.62183232922587,0.0004963320837812449,14934561482547682078,train,-3.3042276503340275,-3.3064814,0.0022537110551326123,-3.306720018386841
-0.8,1.1395831540373824e-09,2538.761869465952,510.72502895181066,40.87821813200619,300.974125232131,0.000485566616078209,3684234868495982631,train,-3.3137511797404784,-3.3128479,0.0009033270335692123,-3.3117785453796387
-2.2,1.0663734802785015e-09,2646.766281337793,486.2018595083384,41.79339850063371,299.641349014439,0.0005231108594789353,5637171177688138856,train,-3.281406264176684,-3.2870352,0.005628962645215285,-3.285736083984375
-1.0,8.241763212999094e-10,2472.357675267654,473.84577322091,39.21856251436128,307.7679942040925,0.0004825674517455461,14456930291123660273,train,-3.316441973774107,-3.3153853,0.0010566321298197678,-3.315203905105591
-2.4000000000000004,9.304065850268983e-10,2472.4930947482308,495.539662311,41.9345213676303,296.5403011366731,0.0005240215193782142,1906069974405082520,train,-3.2806508779870476,-3.2793324,0.0013184786187614428,-3.2842202186584473
-2.2,1.000096056099185e-09,2446.239819629679,503.61049666576776,43.101977222602514,303.9832024614659,0.0005274854578263153,13944279034983237670,train,-3.277789508869781,-3.2899647,0.012175167033539491,-3.282606840133667
-0.2,1.0933784852654091e-09,2410.884334287086,539.0569290920441,39.62193192256099,289.3285700165644,0.0004642684137677882,16519722322841066187,train,-3.333230862301911,-3.3238056,0.009425291699494132,-3.325868606567383
-0.8,1.0025105539620802e-09,2526.9743060678943,509.1946075584183,40.75166342427999,301.0515477079729,0.0004848567742809111,15180030701036252205,train,-3.3143865321724912,-3.3128667,0.0015198443978330367,-3.309960126876831
-2.0,9.596807973870107e-10,2396.380469719385,547.2442070596833,39.34847113068841,298.5552181462747,0.0005163703799352346,16164245777420927440,train,-3.287038677713948,-3.2874358,0.0003970923208420629,-3.2823708057403564
-0.6000000000000001,9.798133860644783e-10,2446.0111249981446,493.4775434169566,39.325337668236735,299.6111127589073,0.00048157420683417844,7157631882990673600,train,-3.3173367819860444,-3.321561,0.004224316112710458,-3.31545090675354
-1.0,1.006299553709699e-09,2596.53014928976,491.578961058072,40.01001805266426,305.28831051478386,0.000482243006711357,6325844468188908084,train,-3.3167340615973795,-3.313638,0.0030960897193277326,-3.311549186706543
-0.2,7.777840542828623e-10,2445.911024694583,482.1130919467457,41.27682283342508,300.8565986758517,0.00045201311499060327,13149960228396626776,train,-3.344848964114684,-3.3339612,0.01088771571685676,-3.339017391204834
-2.6,9.85546704036472e-10,2573.0239327697072,479.3922741661716,39.9154735600532,295.8292447353602,0.0005137064692291827,12112510911978131146,train,-3.289284965066308,-3.2794247,0.009860297707909638,-3.2869486808776855
-1.2000000000000002,1.075576112436465e-09,2439.1914792405805,507.5653121861305,41.43318212059344,299.0815860986159,0.0004965305454368182,8793357247245534573,train,-3.3040540295319216,-3.2962143,0.007839687414612051,-3.299309253692627
0.0,9.63679966987411e-10,2457.046368424285,519.0454313677445,40.52844947169319,303.263443359763,0.000447676725345,17951410366048416543,train,-3.3490354839435335,-3.344797,0.004238587962698492,-3.347644090652466
-0.6000000000000001,1.0060692139373963e-09,2527.3807724384133,522.7157534573084,43.167246359099664,298.50956140834,0.0004903872767704548,1367897570274288222,train,-3.3094608062303936,-3.3080807,0.0013801330126201883,-3.304311752319336
-2.0,1.0663734802785015e-09,2646.766281337793,486.2018595083384,41.79339850063371,299.641349014439,0.0005198246141885365,5637171177688138856,train,-3.284143160092475,-3.2907646,0.006621410143730966,-3.288928270339966
-0.4,1.0455070732925304e-09,2552.705145034877,518.1497095238773,37.60227540602951,298.4772867617408,0.00045625030926803425,13753303497944442308,train,-3.3407968281500326,-3.33706,0.003736853479622493,-3.3308980464935303
-1.2000000000000002,9.595802013951228e-10,2610.2949574222403,489.9218602044182,42.219532217947325,302.0841812978663,0.0004987888992759872,11643629726484600332,train,-3.3020832204638033,-3.3046799,0.0025966501416654353,-3.300663709640503
-1.2000000000000002,1.1395831540373824e-09,2538.761869465952,510.72502895181066,40.87821813200619,300.974125232131,0.0004974489624428213,3684234868495982631,train,-3.303251470629772,-3.302558,0.000693525378307136,-3.3011841773986816
-1.8,1.104689398918354e-09,2572.8324404304963,485.2307246352714,40.714467773434976,300.93677074401546,0.0005106840762292459,9216328605101287225,train,-3.2918476837806203,-3.2947056,0.002857945568134568,-3.2933192253112793
-0.6000000000000001,1.0147448677929011e-09,2607.8117384734032,505.1107398178068,40.31257836583995,298.21936914217434,0.00047755356512666413,833253205382390921,train,-3.320977908406462,-3.3219113,0.0009334265849929579,-3.3179121017456055
-1.0,9.136850961862703e-10,2400.1705034771794,499.3175315176618,39.85562670167986,300.93280864091923,0.0004869147391472252,689847661215077168,train,-3.312547078948819,-3.3042119,0.008335224014126563,-3.3094470500946045
-0.8,1.1064539714677527e-09,2488.434465234489,500.4335716276796,41.129719458135625,288.0815978442095,0.0004861782474302266,4253972365711734043,train,-3.3132044762461916,-3.298209,0.01499552429611839,-3.3081283569335938
-2.6,1.0050101529814667e-09,2449.206992526188,478.70441149946606,40.80112322251315,299.2329513672896,0.0005280372388352196,15255519671477510073,train,-3.2773354485829245,-3.2788184,0.0014829203288186932,-3.2785372734069824
-2.8000000000000003,8.599648780937921e-10,2637.8899539670565,501.9551856304757,39.90381821426863,300.9815905741297,0.0005141992190461798,14435728251762431223,train,-3.2888685872890204,-3.2781985,0.010670106682941327,-3.2877445220947266
-1.2000000000000002,8.599648780937921e-10,2637.8899539670565,501.9551856304757,39.90381821426863,300.9815905741297,0.00048559939659399503,14435728251762431223,train,-3.313721861586961,-3.305763,0.007958855376633878,-3.3100931644439697
-2.6,1.1774606839117e-09,2487.5677489208106,509.6158544320055,42.33569419095241,299.8381908200232,0.0005230445660372511,14988660033747214345,train,-3.2814613054740787,-3.2789438,0.0025175283897280742,-3.278740167617798
-1.8,8.584521018906483e-10,2718.2749419682723,482.1832227724541,38.88005077046229,301.691940704981,0.0004989903737736746,3494250555080783753,train,-3.3019078324473505,-3.2946324,0.0072753976023798295,-3.304380416870117
-1.4,9.525981103063824e-10,2521.0178569100235,513.1122387074643,39.33447860201831,299.4635962010897,0.0005025707220822097,2217437892012799629,train,-3.2988028154022215,-3.2998736,0.0010707750671388183,-3.2997138500213623
-1.0,1.1396379394271226e-09,2408.4924726992253,490.0725825278824,43.06550150160359,292.35304316269765,0.0005064274432641496,10954724855113224492,train,-3.2954827679684864,-3.286709,0.008773697762797905,-3.292057752609253
0.0,1.0203477325736783e-09,2420.870896846657,485.827773341465,41.83782044136868,301.83723728961854,0.0004556423772458,4106527973129540887,train,-3.3413758909403106,-3.3483846,0.007008727818844651,-3.343198776245117
-1.4,8.89459518994858e-10,2383.601346469497,502.4892009812192,38.55163090195673,309.2198732722366,0.0004979007927618386,3483175946691254694,train,-3.3028571822366555,-3.2993298,0.003527424546225788,-3.302755355834961
-2.6,9.634928280602635e-10,2455.009212271192,512.2369330710814,40.30940301281442,306.6726054586492,0.0005225051708838881,9415233787243991652,train,-3.28190940727389,-3.2855659,0.003656445845006573,-3.2844934463500977
0.0,1.0044736023004086e-09,2276.4853940628345,486.8441992232576,38.23677890677304,298.10055132439214,0.0004483843586984,15363031408316951214,train,-3.3483495456075163,-3.3390312,0.009318326125094423,-3.346545457839966
-1.4,1.0933784852654091e-09,2410.884334287086,539.0569290920441,39.62193192256099,289.3285700165644,0.0005062759169128798,16519722322841066187,train,-3.2956127311172194,-3.2913465,0.0042661811294264496,-3.288620948791504
-2.0,9.89963136259949e-10,2542.7024133885266,503.0087467521194,39.0211226249472,305.0510216058231,0.0005033035106246218,380264510751012186,train,-3.2981700403169794,-3.293884,0.004286001391808458,-3.294445514678955
-1.6,1.1064539714677527e-09,2488.434465234489,500.4335716276796,41.129719458135625,288.0815978442095,0.0005066326163256596,4253972365711734043,train,-3.2953068543514727,-3.2855535,0.009753398998689544,-3.2908971309661865
-0.2,8.584521018906483e-10,2718.2749419682723,482.1832227724541,38.88005077046229,301.691940704981,0.00044505382767511274,3494250555080783753,train,-3.351587459471806,-3.3464115,0.0051759928732950655,-3.3494434356689453
-1.8,8.4981307882089e-10,2622.111610500832,493.1418777793542,40.32755095458103,299.70047987606006,0.000509111058748187,5127878088967066821,train,-3.293187469253858,-3.294131,0.0009435713192620376,-3.296501874923706
-0.4,9.612679185080118e-10,2493.7557151613,504.62150372842615,37.39117268896573,297.8667082132286,0.00045717156187546405,433422742429117681,train,-3.3399207925039707,-3.3361576,0.003763232155459928,-3.332723617553711
-1.2000000000000002,8.762920771795992e-10,2597.67569731618,502.646286170094,38.978559546027874,295.06946514256083,0.00048207154859399156,2033506848451370756,train,-3.316888499409449,-3.3043413,0.012547183186304434,-3.3087611198425293
0.0,9.725086180844783e-10,2468.017331565751,490.28733545372194,44.50977871149023,303.263152322465,0.0004513728017942,3744802582600429992,train,-3.3454646135935824,-3.347658,0.0021933053364713295,-3.346611261367798
-0.2,9.143704143090119e-10,2444.5179463100326,473.4138143725302,40.94136333558407,299.94201571725745,0.00045502139355648824,11714911050137312102,train,-3.341968183815174,-3.334911,0.007057075798206025,-3.338534355163574
-1.6,1.25959298622376e-09,2354.3009197629594,499.1918367180637,40.77134716523017,305.22981462209646,0.0005122907582266233,128968913270984251,train,-3.290483478766219,-3.2929862,0.002502675790055253,-3.2905120849609375
-3.0,1.0071535471770136e-09,2369.635821802133,538.5091665951578,40.65637295368661,296.23853018587084,0.0005389573968155724,6305389621858259219,train,-3.268445563308938,-3.2735078,0.0050622701718969765,-3.2691361904144287
-1.0,1.0574423663675307e-09,2585.038533860248,471.3266920396063,42.543125490608695,301.3994726877767,0.0004895787073451385,2832837163574657009,train,-3.3101774786966436,-3.3078067,0.0023707484262578404,-3.3093292713165283
-1.2000000000000002,8.241763212999094e-10,2472.357675267654,473.84577322091,39.21856251436128,307.7679942040925,0.0004880874028725852,14456930291123660273,train,-3.3115024009759777,-3.3099427,0.0015596786554210595,-3.3102638721466064
-0.2,1.0574423663675307e-09,2585.038533860248,471.3266920396063,42.543125490608695,301.3994726877767,0.00045573547492723857,2832837163574657009,train,-3.341287164163879,-3.3396456,0.0016415400031122296,-3.339987277984619
-0.4,1.1459805246638944e-09,2630.825732937456,497.4739907663986,41.26661222078493,300.2753689300697,0.0004611699116880393,12849312948239067464,train,-3.336139035319488,-3.3299575,0.006181550120513357,-3.328601598739624
-2.0,8.589969950121182e-10,2505.474763633521,514.8627810246533,39.90795077029272,306.8673078749587,0.000503392320070332,8372103036707258832,train,-3.2980934144859453,-3.2941144,0.003979063213362277,-3.29683780670166
0.0,1.1064539714677527e-09,2488.434465234489,500.4335716276796,41.129719458135625,288.0815978442095,0.0004459783555122,4253972365711734043,train,-3.3506862182154737,-3.3416517,0.009034540130146596,-3.345767021179199
-1.2000000000000002,9.603042271636284e-10,2438.0715583385486,503.6957420101608,43.08491203323523,298.5763734449834,0.0005088694909670703,2124884718484563516,train,-3.2933935862692434,-3.2921622,0.0012314063223439753,-3.291067600250244
-2.0,9.63679966987411e-10,2457.046368424285,519.0454313677445,40.52844947169319,303.263443359763,0.0005188185044927597,17951410366048416543,train,-3.284984542503573,-3.2910726,0.006088064536832416,-3.2862932682037354
-0.2,1.0942344693420075e-09,2360.838758300681,491.3731844386217,39.51420947268076,305.7035776891924,0.00046409458664044897,3134241803077969267,train,-3.3333934973122625,-3.3322444,0.0011491011025457354,-3.3345508575439453
-0.4,9.725086180844783e-10,2468.017331565751,490.28733545372194,44.50977871149023,303.263152322465,0.0004775027276268321,3744802582600429992,train,-3.3210241432636933,-3.3154023,0.005621873900290009,-3.3216135501861572
-3.0,1.0933784852654091e-09,2410.884334287086,539.0569290920441,39.62193192256099,289.3285700165644,0.0005308620529268629,16519722322841066187,train,-3.2750183177808485,-3.2799978,0.004979507841710085,-3.2688212394714355
0.0,1.032683367538443e-09,2526.170348943833,478.8149532207128,42.09307571557734,293.4443281911712,0.0004493822152347,12981595077382156139,train,-3.34738411922946,-3.3489897,0.0016056058834550413,-3.342292547225952
-0.2,1.25959298622376e-09,2354.3009197629594,499.1918367180637,40.77134716523017,305.22981462209646,0.0004646915623255115,128968913270984251,train,-3.332835213186591,-3.3240836,0.008751646520941403,-3.3332808017730713
-1.0,8.979123523428992e-10,2531.360993910196,491.918494232159,35.793021097389925,308.86985058095934,0.000489643670635575,579736006479800074,train,-3.3101198550163873,-3.3182774,0.008157503992401782,-3.316235065460205
-2.0,9.344027379399094e-10,2510.734791451186,511.4018674256231,36.36815079533651,301.4558439858307,0.000492916856284313,13370015301709921327,train,-3.3072263300171363,-3.2967417,0.010484606002854058,-3.3045496940612793
-2.6,1.1064539714677527e-09,2488.434465234489,500.4335716276796,41.129719458135625,288.0815978442095,0.00052238604036699,4253972365711734043,train,-3.2820084371552447,-3.2743227,0.007685688971040605,-3.277531862258911
-1.8,1.0732744646319759e-09,2458.1779927472685,500.451348042105,41.29986197643443,296.3385514465405,0.0005101968664095698,15854623793106210877,train,-3.292262213121783,-3.288401,0.003861324678789746,-3.290818214416504
-1.8,1.2307353848142815e-09,2445.249484887284,482.48119148575233,42.87746783295031,307.55593866537106,0.0005165535855706938,15038946426069692038,train,-3.2868846195256887,-3.299992,0.013107464977485161,-3.2896599769592285
-0.6000000000000001,8.241763212999094e-10,2472.357675267654,473.84577322091,39.21856251436128,307.7679942040925,0.0004688304960123463,14456930291123660273,train,-3.3289841465225525,-3.33098,0.0019959159621887324,-3.3285892009735107
-2.2,1.0203477325736783e-09,2420.870896846657,485.827773341465,41.83782044136868,301.83723728961854,0.0005302371849738033,4106527973129540887,train,-3.275529818921569,-3.2878182,0.012288374514100031,-3.2823679447174072
-0.6000000000000001,9.85546704036472e-10,2573.0239327697072,479.3922741661716,39.9154735600532,295.8292447353602,0.00046982262846205285,12112510911978131146,train,-3.328066069764593,-3.320036,0.008030135316350773,-3.3201088905334473
-0.6000000000000001,1.0941860864671191e-09,2539.112215454232,503.69324532533454,39.339075937042885,294.39428351617613,0.0004805471029236766,12823118457006761398,train,-3.3182640366380314,-3.3204527,0.002188653486480341,-3.3164191246032715
-3.0,1.066709170571727e-09,2302.646144768272,474.8978179470865,37.69553984942066,294.1521471075916,0.0005226214330192591,3765765162242439701,train,-3.2818127835655937,-3.2848408,0.0030280386542549387,-3.279874324798584
-2.8000000000000003,7.516487326049726e-10,2475.0294016619155,481.8667099014746,36.16652897024234,304.10393187120707,0.0005115307551303467,4556256472297801959,train,-3.2911282497683176,-3.292248,0.0011197608670583392,-3.289342164993286
-0.8,1.0692616090001279e-09,2445.881237248077,515.6238842072526,38.37558042728467,295.9516778251947,0.00048477115317632584,2860266914913243763,train,-3.3144632312284887,-3.3140302,0.00043306078781490953,-3.313021659851074
0.0,9.74908016407874e-10,2433.9347159425315,536.1873069142775,40.58953669016749,293.2225739384997,0.000457853081341,18393380424088899902,train,-3.339273858675211,-3.3396487,0.00037486492708405095,-3.3345987796783447
-0.6000000000000001,9.525981103063824e-10,2521.0178569100235,513.1122387074643,39.33447860201831,299.4635962010897,0.0004783365178290393,2217437892012799629,train,-3.320266462351444,-3.3230767,0.0028102626546595566,-3.319474697113037
-1.0,9.16382362452114e-10,2549.3338723326283,483.7915671011157,41.484417545989686,302.7283665488111,0.0004859446500164323,779010489516208886,train,-3.3134131948557766,-3.309442,0.003971151551333207,-3.3089749813079834
-2.8000000000000003,8.589969950121182e-10,2505.474763633521,514.8627810246533,39.90795077029272,306.8673078749587,0.0005149923758140014,8372103036707258832,train,-3.2881992004081644,-3.282377,0.005822195784751294,-3.287229299545288
-1.4,9.595802013951228e-10,2610.2949574222403,489.9218602044182,42.219532217947325,302.0841812978663,0.0005038157749109706,11643629726484600332,train,-3.2977282384863154,-3.301637,0.0039086957940801526,-3.2973453998565674
-2.2,1.1396379394271226e-09,2408.4924726992253,490.0725825278824,43.06550150160359,292.35304316269765,0.0005317287815399153,10954724855113224492,train,-3.2743098314562418,-3.2751763,0.0008664552411459248,-3.27496600151062
-2.8000000000000003,1.1395831540373824e-09,2538.761869465952,510.72502895181066,40.87821813200619,300.974125232131,0.00052557508361213,3684234868495982631,train,-3.2793652319305022,-3.2775583,0.0018069052093108162,-3.2775049209594727
-0.8,9.725086180844783e-10,2468.017331565751,490.28733545372194,44.50977871149023,303.263152322465,0.0004942624543831807,3744802582600429992,train,-3.3060423785610897,-3.3029351,0.0031072551174862184,-3.306877374649048
-0.8,1.0789603531824067e-09,2367.1936347140645,478.9001778930339,37.12870103512795,297.3410066095633,0.00048826924273014734,4747465828158748725,train,-3.311340632122356,-3.3174484,0.006107745486896743,-3.312371253967285
-0.6000000000000001,1.018423641836786e-09,2420.2103352289205,495.3862399264609,39.18777263938059,307.5354074756815,0.00046989977379536705,9985116505034206452,train,-3.327994764041631,-3.3245196,0.003475129794805021,-3.3185079097747803
-1.4,1.0044736023004086e-09,2276.4853940628345,486.8441992232576,38.23677890677304,298.10055132439214,0.0005040942990560811,15363031408316951214,train,-3.2974882140922714,-3.2940664,0.0034217849540878476,-3.2968273162841797
-1.4,9.603042271636284e-10,2438.0715583385486,503.6957420101608,43.08491203323523,298.5763734449834,0.0005138392476523762,2124884718484563516,train,-3.289172726874114,-3.2905781,0.0014054000332346384,-3.287644624710083
-2.4000000000000004,9.756514716409811e-10,2404.497548871577,500.9208966540563,41.62971960161597,300.52976098251094,0.0005301065946006773,7311808897764695838,train,-3.2756367930554635,-3.2825532,0.006916402897905627,-3.2788777351379395
0.0,9.60969170700449e-10,2766.6918918406623,529.8468751484584,39.61181207182135,297.3307652107198,0.0004355565261771,6563696386679920944,train,-3.3609554746086636,-3.3625364,0.0015809557502231009,-3.3519973754882812
-2.8000000000000003,1.0073410050818803e-09,2574.374612551252,485.6872921198837,42.17824256593523,298.72995545788456,0.0005272816003369452,9029148243980292461,train,-3.2779573832514184,-3.2736714,0.004285994625319756,-3.27466082572937
-0.6000000000000001,1.066709170571727e-09,2302.646144768272,474.8978179470865,37.69553984942066,294.1521471075916,0.0004762071912967553,3765765162242439701,train,-3.3222040505167816,-3.3178196,0.004384455179867519,-3.31901478767395
-1.8,1.000096056099185e-09,2446.239819629679,503.61049666576776,43.101977222602514,303.9832024614659,0.0005205961031659941,13944279034983237670,train,-3.283499087052445,-3.293598,0.010098849577803826,-3.2879722118377686
-1.0,9.596807973870107e-10,2396.380469719385,547.2442070596833,39.34847113068841,298.5552181462747,0.0004946271818234715,16164245777420927440,train,-3.3057220210285605,-3.2987113,0.007010721132320263,-3.2976925373077393
-2.2,8.758150413106088e-10,2554.792538970499,492.8309420700668,37.207464786418186,297.95471711920453,0.0005053580297999744,14100953261967155807,train,-3.2964008292604894,-3.2923176,0.004083200400015752,-3.2955801486968994
-2.2,1.0308127820747194e-09,2437.7200106987866,482.5972990901911,40.648465379108416,299.4728047413536,0.0005278119231881535,18026431441542812131,train,-3.2775208033612624,-3.2859018,0.008380981535588194,-3.281735897064209
-0.6000000000000001,9.980121445569454e-10,2387.75545073954,508.7275610680178,38.8972081784186,297.8606493603604,0.00047348170487737185,11032972375804727196,train,-3.324696797282262,-3.3179407,0.006756085307164206,-3.31725811958313
-1.4,9.344027379399094e-10,2510.734791451186,511.4018674256231,36.36815079533651,301.4558439858307,0.0004815199357237709,13370015301709921327,train,-3.317385727655549,-3.30556,0.011825615656037236,-3.312652587890625
-0.6000000000000001,1.0040157435828723e-09,2421.1156291426087,502.3421578152334,38.33334239027114,293.10089722857373,0.00048280124101614166,12886194249589357920,train,-3.31623162224128,-3.3193676,0.003136024929740522,-3.316208839416504
-2.0,9.50582857470194e-10,2403.738957653681,492.6388454667692,37.10727035463277,300.4554170460457,0.0005129613899917565,9184494546452176042,train,-3.289915322499429,-3.2942543,0.0043389804790865405,-3.2931087017059326
-2.0,8.354324428057497e-10,2430.182491588309,507.603602235917,36.73791801396338,295.61725668807514,0.0005029206086551114,10829525609740651031,train,-3.29850056751725,-3.2958486,0.002651959500282075,-3.2975611686706543
-1.4,1.013177684158949e-09,2549.0982526102403,506.5025106580401,39.7132385315927,304.62183232922587,0.0005013125660170111,14934561482547682078,train,-3.2998914091243305,-3.3026466,0.0027552278385600815,-3.302645683288574
-2.8000000000000003,8.241763212999094e-10,2472.357675267654,473.84577322091,39.21856251436128,307.7679942040925,0.0005160696563246002,14456930291123660273,train,-3.2872916756678885,-3.2845821,0.0027095376063650534,-3.289846897125244
-3.0,8.589969950121182e-10,2505.474763633521,514.8627810246533,39.90795077029272,306.8673078749587,0.0005173978155377547,8372103036707258832,train,-3.286175409214183,-3.280015,0.006160417453929146,-3.285399913787842
-2.2,9.118663996020179e-10,2651.95019435956,481.7408591707263,38.899871401178025,300.40158819211445,0.0005057033092607018,17319768135093042826,train,-3.296104204388101,-3.2881112,0.007992994518716046,-3.294421672821045
-1.8,9.118663996020179e-10,2651.95019435956,481.7408591707263,38.899871401178025,300.40158819211445,0.0004988535687714902,17319768135093042826,train,-3.302026916515278,-3.2947893,0.00723760224525849,-3.300753116607666
-3.0,1.0671658198705112e-09,2444.626831258547,492.08006432381046,41.193035529790656,301.7038514591378,0.0005230843935097455,10743645008157788724,train,-3.2814282371771295,-3.2745812,0.006847043253179308,-3.276179790496826
-3.0,9.136850961862703e-10,2400.1705034771794,499.3175315176618,39.85562670167986,300.93280864091923,0.0005225024392519681,689847661215077168,train,-3.281911677750503,-3.277684,0.004227704438124924,-3.280993700027466
-1.2000000000000002,9.58904338765352e-10,2486.667922677388,495.3304947031063,40.43386356777175,305.1954997344612,0.0005039277772265945,13052852389533457310,train,-3.2976317020456047,-3.3053367,0.0077050117452888145,-3.3010807037353516
-0.4,9.74908016407874e-10,2433.9347159425315,536.1873069142775,40.58953669016749,293.2225739384997,0.00048336002715708627,18393380424088899902,train,-3.315729267670405,-3.3151178,0.0006114316718699442,-3.309783697128296
-1.6,1.0050965165320695e-09,2414.3235243349927,515.5034020410067,40.79653471954481,301.4383600393062,0.000511465085951413,18237334030368139870,train,-3.2911840071056124,-3.2923253,0.0011412511493924526,-3.290365219116211
-0.4,1.0147448677929011e-09,2607.8117384734032,505.1107398178068,40.31257836583995,298.21936914217434,0.00046860053414633063,833253205382390921,train,-3.3291972206970764,-3.32986,0.0006627513030457166,-3.326328754425049
-2.8000000000000003,9.682475573035431e-10,2330.6047518253104,479.0686974559265,41.64371883461047,301.63426669668445,0.0005354807882263161,13640118791446356878,train,-3.2712561060029386,-3.2767334,0.005477292434561409,-3.27323842048645
-2.4000000000000004,9.60969170700449e-10,2766.6918918406623,529.8468751484584,39.61181207182135,297.3307652107198,0.0005142813308703376,6563696386679920944,train,-3.2887992408882365,-3.2866793,0.0021199730049357157,-3.287551164627075
-1.0,1.0803651442869379e-09,2531.060987167743,511.9316238370674,40.66002705988115,288.1838349540611,0.0005022834081235839,17485459239320075305,train,-3.299051167608685,-3.2981167,0.0009344836487241714,-3.300084352493286
-1.6,1.0060692139373963e-09,2527.3807724384133,522.7157534573084,43.167246359099664,298.50956140834,0.0005196812684560866,1367897570274288222,train,-3.284262936732591,-3.2919078,0.007644850590406982,-3.2818291187286377
-0.4,1.120623623770265e-09,2459.871490367434,512.0011452017391,38.21649432972869,303.56534322943094,0.00046615896795304925,2671493380122846465,train,-3.3314659564178033,-3.3336184,0.0021524460632758036,-3.333406925201416
-0.8,1.243555870393131e-09,2440.816535503744,483.6779599156501,38.81204244575611,302.5323056028984,0.00048065760169080797,4261926717090881150,train,-3.318164184848286,-3.3179739,0.00019033269069312908,-3.3153023719787598
-2.6,9.89963136259949e-10,2542.7024133885266,503.0087467521194,39.0211226249472,305.0510216058231,0.0005121020753849879,380264510751012186,train,-3.290643464106198,-3.2845514,0.006092082041378788,-3.286590337753296
-1.0,9.60969170700449e-10,2766.6918918406623,529.8468751484584,39.61181207182135,297.3307652107198,0.0004850951878168554,6563696386679920944,train,-3.314173033588638,-3.3121212,0.0020518807108302894,-3.3087449073791504
-0.2,1.1201765668553064e-09,2329.913862262383,487.444276821995,41.61971486534147,298.1037724082114,0.0004730066713807016,10813817281839957845,train,-3.325132733842753,-3.3197603,0.005372411271952426,-3.3249080181121826
-1.2000000000000002,7.777840542828623e-10,2445.911024694583,482.1130919467457,41.27682283342508,300.8565986758517,0.0004910433621591947,13149960228396626776,train,-3.3088801553007614,-3.300473,0.008407180523539726,-3.303809404373169
-1.4,9.612679185080118e-10,2493.7557151613,504.62150372842615,37.39117268896573,297.8667082132286,0.0004886436125955067,433422742429117681,train,-3.3110077738253465,-3.302811,0.0081968664614549,-3.3042075634002686
-1.2000000000000002,1.0073410050818803e-09,2574.374612551252,485.6872921198837,42.17824256593523,298.72995545788456,0.0004987305513230445,9029148243980292461,train,-3.3021340268796724,-3.3004718,0.0016622441953462186,-3.29744029045105
-2.8000000000000003,9.920951194363948e-10,2484.0228854962547,482.5603784265586,38.422268984819695,304.0303353891022,0.0005170414262021244,2314355766595058403,train,-3.2864746591299867,-3.2836034,0.002871229335675185,-3.2837305068969727
-1.6,8.589969950121182e-10,2505.474763633521,514.8627810246533,39.90795077029272,306.8673078749587,0.0004958910639673345,8372103036707258832,train,-3.304613717691232,-3.2987325,0.005881198541451749,-3.3022499084472656
0.0,9.980121445569454e-10,2387.75545073954,508.7275610680178,38.8972081784186,297.8606493603604,0.0004404540945678,11032972375804727196,train,-3.3560993483524486,-3.3444345,0.011664848611848022,-3.3475353717803955
-0.8,9.525981103063824e-10,2521.0178569100235,513.1122387074643,39.33447860201831,299.4635962010897,0.00048574283287710853,2217437892012799629,train,-3.3135935986847134,-3.315286,0.0016923224120883873,-3.3128597736358643
-3.0,1.120623623770265e-09,2459.871490367434,512.0011452017391,38.21649432972869,303.56534322943094,0.0005232579727934677,2671493380122846465,train,-3.2812841456670987,-3.2844627,0.0031785446862948596,-3.282884120941162
-3.0,9.16382362452114e-10,2549.3338723326283,483.7915671011157,41.484417545989686,302.7283665488111,0.0005221252989099223,779010489516208886,train,-3.282225263098826,-3.2737947,0.008430612067331644,-3.2801079750061035
-1.0,1.1064539714677527e-09,2488.434465234489,500.4335716276796,41.129719458135625,288.0815978442095,0.000492319297515695,4253972365711734043,train,-3.3077531407855894,-3.2933543,0.014398867943182125,-3.3028578758239746
-0.2,1.0071535471770136e-09,2369.635821802133,538.5091665951578,40.65637295368661,296.23853018587084,0.0004702022477805377,6305389621858259219,train,-3.327715299081027,-3.3164423,0.011273047875582698,-3.3238916397094727
-0.4,1.0050101529814667e-09,2449.206992526188,478.70441149946606,40.80112322251315,299.2329513672896,0.0004742214708036546,15255519671477510073,train,-3.324018786839368,-3.3250768,0.0010580316268185008,-3.3212835788726807
-1.4,9.928313705154955e-10,2556.196978076177,523.0189213691006,40.51326020590248,298.8914974420704,0.0005056080775700287,903425415547655004,train,-3.2961859964027513,-3.2985315,0.002345535884846317,-3.293832778930664
-1.2000000000000002,9.926993823896762e-10,2332.1716999604114,489.929360905385,39.90607827400121,296.137708789732,0.0004935339797597648,8562678507013604755,train,-3.3066829408380443,-3.2935078,0.013175126430695627,-3.2976133823394775
-1.4,1.1762312017058683e-09,2610.23254556298,515.3751788116352,39.24041391228537,297.93305834844136,0.0004965436043904043,7155552337602576564,train,-3.304042607562106,-3.3012414,0.0028012097044398665,-3.3003733158111572
-0.2,1.120623623770265e-09,2459.871490367434,512.0011452017391,38.21649432972869,303.56534322943094,0.0004555260580432467,2671493380122846465,train,-3.3414867744743013,-3.339615,0.0018716678916597118,-3.3443117141723633
-1.8,9.682475573035431e-10,2330.6047518253104,479.0686974559265,41.64371883461047,301.63426669668445,0.0005205311337108013,13640118791446356878,train,-3.2835532896031414,-3.2898993,0.0063460596095050725,-3.287409543991089
-0.8,9.58904338765352e-10,2486.667922677388,495.3304947031063,40.43386356777175,305.1954997344612,0.0004918405548899767,13052852389533457310,train,-3.3081756642130444,-3.3162148,0.008039135667937014,-3.3106746673583984
-0.4,1.1064539714677527e-09,2488.434465234489,500.4335716276796,41.129719458135625,288.0815978442095,0.0004704224528958022,4253972365711734043,train,-3.3275119579012244,-3.3114288,0.01608317257712777,-3.321716785430908
-0.8,1.120623623770265e-09,2459.871490367434,512.0011452017391,38.21649432972869,303.56534322943094,0.00048205197196244504,2671493380122846465,train,-3.316906136201571,-3.3179212,0.0010150254500405076,-3.318798065185547
-1.8,1.0455070732925304e-09,2552.705145034877,518.1497095238773,37.60227540602951,298.4772867617408,0.0004961851998753013,13753303497944442308,train,-3.304356193929888,-3.2972078,0.007148361593462216,-3.298950672149658
-3.0,1.0308127820747194e-09,2437.7200106987866,482.5972990901911,40.648465379108416,299.4728047413536,0.0005385151805667903,18026431441542812131,train,-3.268802049574053,-3.2738047,0.005002615037763558,-3.2721481323242188
-2.6,1.104689398918354e-09,2572.8324404304963,485.2307246352714,40.714467773434976,300.93677074401546,0.0005232871689313065,9216328605101287225,train,-3.2812599140863403,-3.280336,0.0009240109186157142,-3.2815358638763428
-1.4,9.42387899986183e-10,2596.3418775504824,506.9916211367261,42.54178389838287,305.55199671356803,0.000498071364366714,3392607520233113049,train,-3.302708426456766,-3.3033042,0.0005957689472868566,-3.302579641342163
-0.2,1.2225799825820127e-09,2598.953191343567,516.8045118894966,39.85430360518959,306.74502895459364,0.00044866498640109783,17234994038809733169,train,-3.3480778212762017,-3.3433917,0.0046861644005913305,-3.3484201431274414
-0.2,1.0308127820747194e-09,2437.7200106987866,482.5972990901911,40.648465379108416,299.4728047413536,0.0004685037817157134,18026431441542812131,train,-3.329286899180391,-3.3337395,0.004452619938871916,-3.3288462162017822
0.0,9.304065850268983e-10,2472.4930947482308,495.539662311,41.9345213676303,296.5403011366731,0.0004477816224206,1906069974405082520,train,-3.348933734439667,-3.3479145,0.0010192771185000282,-3.3493123054504395
-0.6000000000000001,1.0806933086411387e-09,2604.781653428076,466.5836923998952,39.33731057072893,297.69705044733973,0.00047815948327976,3371631208540637995,train,-3.320427226491905,-3.3239043,0.003477049402260235,-3.320949077606201
-3.0,1.0203477325736783e-09,2420.870896846657,485.827773341465,41.83782044136868,301.83723728961854,0.0005407894756018722,4106527973129540887,train,-3.266971768864696,-3.2736316,0.00665980385869247,-3.2726619243621826
-1.0,9.74908016407874e-10,2433.9347159425315,536.1873069142775,40.58953669016749,293.2225739384997,0.0005059372323209015,18393380424088899902,train,-3.295903359341131,-3.2966118,0.0007084265475407747,-3.291613817214966
-0.6000000000000001,9.63679966987411e-10,2457.046368424285,519.0454313677445,40.52844947169319,303.263443359763,0.0004826072722042311,17951410366048416543,train,-3.316406138178635,-3.3167071,0.00030099606819122826,-3.3142893314361572
-0.6000000000000001,9.926993823896762e-10,2332.1716999604114,489.929360905385,39.90607827400121,296.137708789732,0.0004753404922091177,8562678507013604755,train,-3.3229951884531053,-3.310459,0.01253628990879374,-3.3130338191986084
-0.6000000000000001,9.220148370062531e-10,2472.3739758500788,504.5088858703008,41.28793476116813,303.0641722996054,0.00047326104422211116,7538273554073210114,train,-3.3248992423641583,-3.3176157,0.007283494912376121,-3.323334217071533
0.0,9.220148370062531e-10,2472.3739758500788,504.5088858703008,41.28793476116813,303.0641722996054,0.0004388864733199,7538273554073210114,train,-3.3576478041016053,-3.349734,0.007913736184735232,-3.3568975925445557
-2.6,8.584521018906483e-10,2718.2749419682723,482.1832227724541,38.88005077046229,301.691940704981,0.0005118345520331958,3494250555080783753,train,-3.29087039986569,-3.281136,0.009734363946500402,-3.292837619781494
-0.2,8.241763212999094e-10,2472.357675267654,473.84577322091,39.21856251436128,307.7679942040925,0.0004489811255404194,14456930291123660273,train,-3.3477719156691452,-3.3463206,0.0014512865492721794,-3.3465070724487305
-1.6,8.220747042076196e-10,2489.354974528123,536.8974000619587,36.589080383233394,294.68809277779184,0.0004911294630398624,13344013943894260190,train,-3.3088040115987623,-3.3035564,0.005247569338020064,-3.3032538890838623
-0.4,7.516487326049726e-10,2475.0294016619155,481.8667099014746,36.16652897024234,304.10393187120707,0.00045562210102569045,4556256472297801959,train,-3.3413952176028086,-3.343159,0.0017637427395986727,-3.336881160736084
-2.8000000000000003,1.0203477325736783e-09,2420.870896846657,485.827773341465,41.83782044136868,301.83723728961854,0.0005384494069313226,4106527973129540887,train,-3.2688550970508325,-3.2770505,0.00819539809687253,-3.2743842601776123
-2.4000000000000004,9.89963136259949e-10,2542.7024133885266,503.0087467521194,39.0211226249472,305.0510216058231,0.0005094018063733714,380264510751012186,train,-3.292939519331971,-3.2875676,0.005371903822937618,-3.2888216972351074
0.0,1.0375673846448864e-09,2379.4103992541063,496.85223216497695,39.047727684139495,305.18782525816323,0.000441682691477,3141391476646313355,train,-3.354889619404307,-3.3446717,0.010217893177500326,-3.349108934402466
-1.4,7.516487326049726e-10,2475.0294016619155,481.8667099014746,36.16652897024234,304.10393187120707,0.00048823300039768175,4556256472297801959,train,-3.311372869314066,-3.3061662,0.005206697286478157,-3.3080384731292725
-1.2000000000000002,9.143704143090119e-10,2444.5179463100326,473.4138143725302,40.94136333558407,299.94201571725745,0.0004935315620102911,11714911050137312102,train,-3.306685068387251,-3.3005934,0.006091692227582879,-3.302760362625122
0.0,9.596807973870107e-10,2396.380469719385,547.2442070596833,39.34847113068841,298.5552181462747,0.0004472898773463,16164245777420927440,train,-3.349410930269975,-3.3343723,0.015038648241776809,-3.3403968811035156
-1.2000000000000002,1.0727510291740675e-09,2408.6350240081065,515.7307920217833,36.322106531247385,300.55707391972635,0.00048061592665057435,16501516911797089168,train,-3.3182018416431194,-3.3083348,0.009867014220023673,-3.3083877563476562
-1.0,9.89963136259949e-10,2542.7024133885266,503.0087467521194,39.0211226249472,305.0510216058231,0.0004812287410276235,380264510751012186,train,-3.3176484426435966,-3.312903,0.004745515244914955,-3.3091793060302734
-3.0,9.344027379399094e-10,2510.734791451186,511.4018674256231,36.36815079533651,301.4558439858307,0.0005062695509772205,13370015301709921327,train,-3.29561819198948,-3.294342,0.001276150973855028,-3.2930636405944824
-2.0,1.0789603531824067e-09,2367.1936347140645,478.9001778930339,37.12870103512795,297.3410066095633,0.0005155915819334136,4747465828158748725,train,-3.287694181989138,-3.2925603,0.004866156984860925,-3.2909481525421143
-1.6,1.1201765668553064e-09,2329.913862262383,487.444276821995,41.61971486534147,298.1037724082114,0.0005206617715382354,10813817281839957845,train,-3.2834443082845133,-3.2869492,0.00350484943033047,-3.2853078842163086
-2.2,9.58904338765352e-10,2486.667922677388,495.3304947031063,40.43386356777175,305.1954997344612,0.0005242998267944072,13052852389533457310,train,-3.2804202857580402,-3.291293,0.010872620049454884,-3.2879793643951416
-0.2,1.0803651442869379e-09,2531.060987167743,511.9316238370674,40.66002705988115,288.1838349540611,0.00046906703005308067,17485459239320075305,train,-3.32876509182202,-3.326028,0.0027369832252182036,-3.3296189308166504
-2.4000000000000004,1.0671658198705112e-09,2444.626831258547,492.08006432381046,41.193035529790656,301.7038514591378,0.0005156119061887511,10743645008157788724,train,-3.287677062745372,-3.2845933,0.003083719010630759,-3.283156156539917
-2.2,9.89297888860932e-10,2413.8801533334354,510.75595836241,38.53132745549709,285.1813868750008,0.0005176990261346749,6508029577517650568,train,-3.2859226519869185,-3.2880616,0.002138966818013177,-3.287165403366089
-2.8000000000000003,1.0050101529814667e-09,2449.206992526188,478.70441149946606,40.80112322251315,299.2329513672896,0.0005305495276285567,15255519671477510073,train,-3.2752740678007624,-3.275628,0.00035402210402279977,-3.275874614715576
-1.0,7.516487326049726e-10,2475.0294016619155,481.8667099014746,36.16652897024234,304.10393187120707,0.0004778983301230938,4556256472297801959,train,-3.3206644869924786,-3.3175979,0.0030666209341290163,-3.3172807693481445
-0.6000000000000001,1.000096056099185e-09,2446.239819629679,503.61049666576776,43.101977222602514,303.9832024614659,0.000487472730764953,13944279034983237670,train,-3.3120496737286156,-3.309445,0.002604769401223006,-3.3124661445617676
-3.0,9.89963136259949e-10,2542.7024133885266,503.0087467521194,39.0211226249472,305.0510216058231,0.0005169530282397896,380264510751012186,train,-3.2865489162929378,-3.2803233,0.0062256493099055454,-3.282227039337158
-2.4000000000000004,9.612679185080118e-10,2493.7557151613,504.62150372842615,37.39117268896573,297.8667082132286,0.0005057554373311524,433422742429117681,train,-3.296059439471202,-3.2900996,0.005959818652110371,-3.2908949851989746
-1.8,1.0375673846448864e-09,2379.4103992541063,496.85223216497695,39.047727684139495,305.18782525816323,0.000506723286165846,3141391476646313355,train,-3.2952291375073193,-3.2950952,0.00013393220031243658,-3.293733596801758
-2.8000000000000003,1.0727510291740675e-09,2408.6350240081065,515.7307920217833,36.322106531247385,300.55707391972635,0.0005072064214651791,16501516911797089168,train,-3.294815256724827,-3.2943149,0.0005003954272195799,-3.2871997356414795
-3.0,1.1064539714677527e-09,2488.434465234489,500.4335716276796,41.129719458135625,288.0815978442095,0.0005270958545178097,4253972365711734043,train,-3.278110399393314,-3.271039,0.007071390299075553,-3.273240566253662
-1.2000000000000002,8.589969950121182e-10,2505.474763633521,514.8627810246533,39.90795077029272,306.8673078749587,0.0004865853375865742,8372103036707258832,train,-3.3128409819263323,-3.3044546,0.008386416878114478,-3.30916166305542
-0.8,8.599648780937921e-10,2637.8899539670565,501.9551856304757,39.90381821426863,300.9815905741297,0.00047358080904590636,14435728251762431223,train,-3.3246059048795904,-3.3177464,0.006859504046460518,-3.321293830871582
-1.0,1.243555870393131e-09,2440.816535503744,483.6779599156501,38.81204244575611,302.5323056028984,0.0004867997098054165,4261926717090881150,train,-3.3126496893366806,-3.3109987,0.0016510111292831198,-3.3098957538604736
-3.0,9.928313705154955e-10,2556.196978076177,523.0189213691006,40.51326020590248,298.8914974420704,0.0005315317120754187,903425415547655004,train,-3.2744708196288985,-3.2754726,0.0010018213623124161,-3.2747156620025635
-0.8,9.143704143090119e-10,2444.5179463100326,473.4138143725302,40.94136333558407,299.94201571725745,0.00048183874065217013,11714911050137312102,train,-3.317098284920757,-3.3108065,0.006291772088115266,-3.3132708072662354
-0.6000000000000001,9.123213222215395e-10,2625.69228411366,506.617977618184,38.92442853409919,306.1252360546967,0.00046303755897688086,2928394120619732261,train,-3.3343837800515224,-3.3302944,0.004089409400277244,-3.331702470779419
0.0,9.798133860644783e-10,2446.0111249981446,493.4775434169566,39.325337668236735,299.6111127589073,0.0004474438551562,7157631882990673600,train,-3.349261451801899,-3.3516414,0.0023799647477837915,-3.347212076187134
-0.4,1.006938037138553e-09,2476.033687734913,499.8883185243343,35.52248114367448,306.4489109295662,0.00046233278293832705,11533471517763731933,train,-3.335045310662217,-3.3441741,0.009128835990004802,-3.3353681564331055
-0.6000000000000001,1.0203477325736783e-09,2420.870896846657,485.827773341465,41.83782044136868,301.83723728961854,0.00049076308109308,4106527973129540887,train,-3.309128115628459,-3.3145587,0.005430628802082893,-3.3122854232788086
-2.2,9.136850961862703e-10,2400.1705034771794,499.3175315176618,39.85562670167986,300.93280864091923,0.0005119822880747557,689847661215077168,train,-3.2907450630953625,-3.2872305,0.0035145714571789277,-3.2896928787231445
-0.8,1.0849323731926979e-09,2551.147301026894,487.27717818808753,44.82712146868644,302.5978918999191,0.0004909021945535974,17938021924088880075,train,-3.309005026404129,-3.3070395,0.0019655271212921654,-3.310015916824341
-0.8,1.0671658198705112e-09,2444.626831258547,492.08006432381046,41.193035529790656,301.7038514591378,0.0004814114570104034,10743645008157788724,train,-3.317483578254614,-3.310189,0.007294569541845597,-3.3103466033935547
-2.8000000000000003,8.4981307882089e-10,2622.111610500832,493.1418777793542,40.32755095458103,299.70047987606006,0.0005244560305276687,5127878088967066821,train,-3.280290916430687,-3.2769833,0.003307655322288383,-3.282968044281006
0.0,1.0849323731926979e-09,2551.147301026894,487.27717818808753,44.82712146868644,302.5978918999191,0.0004479341926845,17938021924088880075,train,-3.3487857847814433,-3.3571308,0.008344981133473706,-3.3481690883636475
-3.0,7.516487326049726e-10,2475.0294016619155,481.8667099014746,36.16652897024234,304.10393187120707,0.0005138917041891578,4556256472297801959,train,-3.2891283931222834,-3.2938373,0.0047089157613835475,-3.288201093673706
-0.2,1.0728366895058958e-09,2396.471193900285,522.5703607996403,39.66536493364173,302.3426017448898,0.00046364776355065936,10539271283961051071,train,-3.33381183073694,-3.327022,0.006789755083863813,-3.3324246406555176
-2.4000000000000004,1.0050101529814667e-09,2449.206992526188,478.70441149946606,40.80112322251315,299.2329513672896,0.0005253184076721629,15255519671477510073,train,-3.279577380825716,-3.2822592,0.0026818450196208765,-3.28134822845459
-2.6,1.0191682032973931e-09,2560.240612715575,475.6482256289376,41.11142736058992,291.8506686301862,0.0005196420550214765,14547390297170085011,train,-3.2842957083983295,-3.2751367,0.00915899918507268,-3.281248092651367
-1.8,1.006938037138553e-09,2476.033687734913,499.8883185243343,35.52248114367448,306.4489109295662,0.0005028711226928312,11533471517763731933,train,-3.2985433029657476,-3.300539,0.001995713757885209,-3.30118465423584
-1.4,1.1395831540373824e-09,2538.761869465952,510.72502895181066,40.87821813200619,300.974125232131,0.0005023447641270769,3684234868495982631,train,-3.2989981199747094,-3.2993503,0.00035214171352304646,-3.296839714050293
-0.8,9.682475573035431e-10,2330.6047518253104,479.0686974559265,41.64371883461047,301.63426669668445,0.0004955982778365464,13640118791446356878,train,-3.3048702114311324,-3.3029687,0.0019014709678755182,-3.3061628341674805
0.0,1.0728366895058958e-09,2396.471193900285,522.5703607996403,39.66536493364173,302.3426017448898,0.000449292684133,10539271283961051071,train,-3.3474706529995317,-3.3383648,0.009105813445698718,-3.3470168113708496
-1.2000000000000002,1.006938037138553e-09,2476.033687734913,499.8883185243343,35.52248114367448,306.4489109295662,0.0004898867681149743,11533471517763731933,train,-3.3099042907177014,-3.3118489,0.0019445881427722078,-3.3101537227630615
-1.4,1.0671658198705112e-09,2444.626831258547,492.08006432381046,41.193035529790656,301.7038514591378,0.0004979534755066734,10743645008157788724,train,-3.3028112320888807,-3.2977514,0.005059805392103378,-3.2959980964660645
-1.2000000000000002,8.4981307882089e-10,2622.111610500832,493.1418777793542,40.32755095458103,299.70047987606006,0.0004955950582526366,5127878088967066821,train,-3.304873032772792,-3.304374,0.0004990532043107621,-3.3044846057891846
0.0,9.979877857013674e-10,2496.537246315292,510.00187244466247,38.795972505421744,297.7961123434831,0.0004372150808998,1378160361063041439,train,-3.359304866304661,-3.3529286,0.006376227846409233,-3.3516976833343506
-2.0,8.758150413106088e-10,2554.792538970499,492.8309420700668,37.207464786418186,297.95471711920453,0.0005021596188996167,14100953261967155807,train,-3.2991582139532043,-3.2946491,0.004509089807696487,-3.2973239421844482
-2.8000000000000003,1.0671658198705112e-09,2444.626831258547,492.08006432381046,41.193035529790656,301.7038514591378,0.0005207745487671836,10743645008157788724,train,-3.2833502487103403,-3.2775846,0.005765695945447735,-3.2779886722564697
-2.8000000000000003,9.85546704036472e-10,2573.0239327697072,479.3922741661716,39.9154735600532,295.8292447353602,0.0005162242619916607,12112510911978131146,train,-3.2871615879334053,-3.2770247,0.010136841992243184,-3.284454584121704
-0.6000000000000001,1.0692616090001279e-09,2445.881237248077,515.6238842072526,38.37558042728467,295.9516778251947,0.0004775961288076941,2860266914913243763,train,-3.3209392020718838,-3.3217533,0.0008140614016269865,-3.3190364837646484
-0.8,9.808684991835892e-10,2440.440905080504,475.02919518003887,43.13862383173334,296.64614602139693,0.0004992649300527579,10893922623691634355,train,-3.301668939091057,-3.2993715,0.0022974581492847257,-3.3019795417785645
-2.4000000000000004,8.4981307882089e-10,2622.111610500832,493.1418777793542,40.32755095458103,299.70047987606006,0.0005190564662386674,5127878088967066821,train,-3.284785394286539,-3.2837195,0.0010658546442048333,-3.288609027862549
-1.8,9.58904338765352e-10,2486.667922677388,495.3304947031063,40.43386356777175,305.1954997344612,0.0005173670153647931,13052852389533457310,train,-3.2862012630985893,-3.2969916,0.010790323586591377,-3.293797492980957
0.0,1.243555870393131e-09,2440.816535503744,483.6779599156501,38.81204244575611,302.5323056028984,0.0004401065727499,4261926717090881150,train,-3.3564421454391065,-3.3544714,0.0019707003554882974,-3.3526368141174316
-1.8,9.50582857470194e-10,2403.738957653681,492.6388454667692,37.10727035463277,300.4554170460457,0.0005095346503436373,9184494546452176042,train,-3.2928262769345924,-3.2965777,0.0037514150972679516,-3.2961459159851074
0.0,1.0147448677929011e-09,2607.8117384734032,505.1107398178068,40.31257836583995,298.21936914217434,0.0004427378801959,833253205382390921,train,-3.3538533186440103,-3.3581455,0.00429215674356298,-3.3518781661987305
-0.6000000000000001,1.0727510291740675e-09,2408.6350240081065,515.7307920217833,36.322106531247385,300.55707391972635,0.0004625610045913526,16501516911797089168,train,-3.3348309824703577,-3.330261,0.004569990420186798,-3.323904037475586
-0.6000000000000001,1.0025105539620802e-09,2526.9743060678943,509.1946075584183,40.75166342427999,301.0515477079729,0.0004773595086487957,15180030701036252205,train,-3.321154422187644,-3.3201802,0.0009742444990452626,-3.3155198097229004
-3.0,9.50582857470194e-10,2403.738957653681,492.6388454667692,37.10727035463277,300.4554170460457,0.0005263276201549472,9184494546452176042,train,-3.278743838863326,-3.2900486,0.011304760379838186,-3.2839579582214355
-0.8,8.75983736068783e-10,2627.978517028968,489.37942559949954,40.91913452211564,297.20307373531364,0.0004790731243741016,5144607327742428380,train,-3.319598192037727,-3.3122761,0.00732206708350347,-3.311408758163452
-0.4,1.0060692139373963e-09,2527.3807724384133,522.7157534573084,43.167246359099664,298.50956140834,0.00048126613461076703,1367897570274288222,train,-3.317614697369233,-3.315235,0.0023797978483588444,-3.311941146850586
-1.2000000000000002,9.344027379399094e-10,2510.734791451186,511.4018674256231,36.36815079533651,301.4558439858307,0.000476809067655303,13370015301709921327,train,-3.3216554940496654,-3.3102195,0.01143596775877187,-3.316166639328003
-1.6,1.0203477325736783e-09,2420.870896846657,485.827773341465,41.83782044136868,301.83723728961854,0.000519521156809289,4106527973129540887,train,-3.2843967616805556,-3.294798,0.010401135658311578,-3.2897956371307373
-2.4000000000000004,1.1459805246638944e-09,2630.825732937456,497.4739907663986,41.26661222078493,300.2753689300697,0.0005118039317680766,12849312948239067464,train,-3.2908963821092065,-3.283789,0.0071074626603540025,-3.286750316619873
-0.2,1.0203477325736783e-09,2420.870896846657,485.827773341465,41.83782044136868,301.83723728961854,0.00047055244448209805,4106527973129540887,train,-3.3273919661158144,-3.3306396,0.003247634637969732,-3.330091953277588
-1.4,1.243555870393131e-09,2440.816535503744,483.6779599156501,38.81204244575611,302.5323056028984,0.0004969681709662839,4261926717090881150,train,-3.303671425384093,-3.3017006,0.0019708333430772385,-3.300504207611084
-1.8,1.0191682032973931e-09,2560.240612715575,475.6482256289376,41.11142736058992,291.8506686301862,0.0005073560810491042,14547390297170085011,train,-3.2946871299080502,-3.2868352,0.007851936274017035,-3.293142795562744
-0.2,9.60969170700449e-10,2766.6918918406623,529.8468751484584,39.61181207182135,297.3307652107198,0.0004505921400585393,6563696386679920944,train,-3.346216388198021,-3.3440955,0.002120919676902755,-3.3396975994110107
-2.2,9.63679966987411e-10,2457.046368424285,519.0454313677445,40.52844947169319,303.263443359763,0.0005220657899507036,17951410366048416543,train,-3.2822747644073815,-3.2885973,0.006322580944791323,-3.2832210063934326
-3.0,9.42387899986183e-10,2596.3418775504824,506.9916211367261,42.54178389838287,305.55199671356803,0.0005246189433474647,3392607520233113049,train,-3.2801560316207365,-3.275231,0.004925147068734592,-3.2799129486083984
-0.6000000000000001,9.89297888860932e-10,2413.8801533334354,510.75595836241,38.53132745549709,285.1813868750008,0.0004802643893617005,6508029577517650568,train,-3.318519614229379,-3.3137426,0.0047769765951017895,-3.31827712059021
-0.2,9.980121445569454e-10,2387.75545073954,508.7275610680178,38.8972081784186,297.8606493603604,0.000454342117316657,11032972375804727196,train,-3.342617002409693,-3.3315523,0.0110647353351081,-3.335644245147705
-0.2,8.354324428057497e-10,2430.182491588309,507.603602235917,36.73791801396338,295.61725668807514,0.00044990738094063596,10829525609740651031,train,-3.3468768819722516,-3.3413887,0.005488179579673513,-3.343817949295044
-2.6,1.0941860864671191e-09,2539.112215454232,503.69324532533454,39.339075937042885,294.39428351617613,0.0005247043252829588,12823118457006761398,train,-3.2800853557773055,-3.2822282,0.0021428756527481774,-3.2818291187286377
-0.8,1.1762312017058683e-09,2610.23254556298,515.3751788116352,39.24041391228537,297.93305834844136,0.00048011346311692513,7155552337602576564,train,-3.318656115577574,-3.3171406,0.0015155363539411937,-3.3154404163360596
-1.8,8.762920771795992e-10,2597.67569731618,502.646286170094,38.978559546027874,295.06946514256083,0.0004949279155111943,2033506848451370756,train,-3.3054580499056323,-3.2943733,0.011084776056144996,-3.300942897796631
-1.8,1.000072357945733e-09,2615.067429542859,502.8265147659643,41.97319841319997,303.92619603855775,0.0005123460242965606,2056914843148536795,train,-3.2904366294833456,-3.297608,0.007171269228812616,-3.295426845550537
-0.2,1.1762312017058683e-09,2610.23254556298,515.3751788116352,39.24041391228537,297.93305834844136,0.0004533516678499702,7155552337602576564,train,-3.3435647821912324,-3.3413913,0.0021734571942841896,-3.3410556316375732
-1.0,9.123213222215395e-10,2625.69228411366,506.617977618184,38.92442853409919,306.1252360546967,0.0004769168090162467,2928394120619732261,train,-3.3215573705114996,-3.314172,0.007385341016260316,-3.3193929195404053
-0.6000000000000001,9.612679185080118e-10,2493.7557151613,504.62150372842615,37.39117268896573,297.8667082132286,0.000465678727364643,433422742429117681,train,-3.3319136005881225,-3.328514,0.0033995014670287205,-3.3239691257476807
-2.4000000000000004,1.243555870393131e-09,2440.816535503744,483.6779599156501,38.81204244575611,302.5323056028984,0.0005146077200344902,4261926717090881150,train,-3.2885237028842607,-3.2872398,0.001283912921492103,-3.2857329845428467
-1.6,9.979877857013674e-10,2496.537246315292,510.00187244466247,38.795972505421744,297.7961123434831,0.0004988923712149533,1378160361063041439,train,-3.301993137000046,-3.2965918,0.0054013782720185866,-3.298948049545288
0.0,9.756514716409811e-10,2404.497548871577,500.9208966540563,41.62971960161597,300.52976098251094,0.0004529119242795,7311808897764695838,train,-3.3439862450476343,-3.3422976,0.001688691031521028,-3.344191312789917
-0.6000000000000001,8.354324428057497e-10,2430.182491588309,507.603602235917,36.73791801396338,295.61725668807514,0.0004686920947730137,10829525609740651031,train,-3.3291123714753335,-3.328532,0.0005803909608070867,-3.3261795043945312
-2.8000000000000003,1.013177684158949e-09,2549.0982526102403,506.5025106580401,39.7132385315927,304.62183232922587,0.0005250509283779497,14934561482547682078,train,-3.2797985692782428,-3.2807128,0.0009142736630414205,-3.285385847091675
-2.0,8.89459518994858e-10,2383.601346469497,502.4892009812192,38.55163090195673,309.2198732722366,0.0005096775877198429,3483175946691254694,train,-3.2927044634165976,-3.294687,0.0019825692829873454,-3.296539783477783
-2.8000000000000003,9.50582857470194e-10,2403.738957653681,492.6388454667692,37.10727035463277,300.4554170460457,0.0005240399430843188,9184494546452176042,train,-3.28063560919951,-3.2890213,0.008385644386305291,-3.285350799560547
-2.8000000000000003,9.612679185080118e-10,2493.7557151613,504.62150372842615,37.39117268896573,297.8667082132286,0.0005108001758455406,433422742429117681,train,-3.291748961900528,-3.2884574,0.003291568254287558,-3.2872116565704346
-1.2000000000000002,1.120623623770265e-09,2459.871490367434,512.0011452017391,38.21649432972869,303.56534322943094,0.000493622849549468,2671493380122846465,train,-3.3066047452398695,-3.3054454,0.0011593125769056023,-3.3085317611694336
-1.6,9.63679966987411e-10,2457.046368424285,519.0454313677445,40.52844947169319,303.263443359763,0.0005113087943950435,17951410366048416543,train,-3.291316737442849,-3.2950034,0.003686676711203596,-3.29121994972229
-0.4,8.584521018906483e-10,2718.2749419682723,482.1832227724541,38.88005077046229,301.691940704981,0.00045626909444140877,3494250555080783753,train,-3.340778947331047,-3.3373692,0.0034097437635423056,-3.3384487628936768
-1.0,1.0073410050818803e-09,2574.374612551252,485.6872921198837,42.17824256593523,298.72995545788456,0.0004931338866443042,9029148243980292461,train,-3.307035153062101,-3.3043432,0.002691929490323819,-3.301750659942627
-1.2000000000000002,1.000072357945733e-09,2615.067429542859,502.8265147659643,41.97319841319997,303.92619603855775,0.0004989332947206075,2056914843148536795,train,-3.3019575138379995,-3.3059733,0.004015777559095213,-3.303596258163452
-0.8,9.136850961862703e-10,2400.1705034771794,499.3175315176618,39.85562670167986,300.93280864091923,0.0004806828398799175,689847661215077168,train,-3.3181413816751495,-3.310332,0.0078093218149200005,-3.3138773441314697
-2.8000000000000003,8.354324428057497e-10,2430.182491588309,507.603602235917,36.73791801396338,295.61725668807514,0.0005137326740036814,10829525609740651031,train,-3.289262811756223,-3.293412,0.0041491583823267675,-3.2900664806365967
0.0,1.0050965165320695e-09,2414.3235243349927,515.5034020410067,40.79653471954481,301.4383600393062,0.0004484205180882,18237334030368139870,train,-3.3483145238901413,-3.3407557,0.0075588228250778045,-3.345975637435913
-1.0,1.0849323731926979e-09,2551.147301026894,487.27717818808753,44.82712146868644,302.5978918999191,0.0004974470031151843,17938021924088880075,train,-3.3032531812109993,-3.303279,2.574182366865685e-05,-3.3039913177490234
-0.2,7.516487326049726e-10,2475.0294016619155,481.8667099014746,36.16652897024234,304.10393187120707,0.0004449275600414921,4556256472297801959,train,-3.351710692019473,-3.348676,0.003034725756655643,-3.347489833831787
0.0,9.808684991835892e-10,2440.440905080504,475.02919518003887,43.13862383173334,296.64614602139693,0.0004565372525907,10893922623691634355,train,-3.3405237790618005,-3.346483,0.005959213110440675,-3.3404765129089355
-3.0,1.25959298622376e-09,2354.3009197629594,499.1918367180637,40.77134716523017,305.22981462209646,0.0005329423523822434,128968913270984251,train,-3.2733197654505277,-3.2795405,0.006220773337314078,-3.2737088203430176
-2.8000000000000003,1.0849323731926979e-09,2551.147301026894,487.27717818808753,44.82712146868644,302.5978918999191,0.0005317436160262521,17938021924088880075,train,-3.2742977154190545,-3.278118,0.003820179707288318,-3.2749454975128174
-1.0,1.2225799825820127e-09,2598.953191343567,516.8045118894966,39.85430360518959,306.74502895459364,0.0004821522853903853,17234994038809733169,train,-3.3168157703521355,-3.3124814,0.004334367001305406,-3.3172757625579834
-3.0,1.0147448677929011e-09,2607.8117384734032,505.1107398178068,40.31257836583995,298.21936914217434,0.0005277479640969436,833253205382390921,train,-3.2775734334029085,-3.275288,0.0022853283919221923,-3.28104305267334
-0.2,1.0073410050818803e-09,2574.374612551252,485.6872921198837,42.17824256593523,298.72995545788456,0.00045917288656120215,9029148243980292461,train,-3.338023764261003,-3.335359,0.002664667733903503,-3.3311243057250977
-1.4,1.006938037138553e-09,2476.033687734913,499.8883185243343,35.52248114367448,306.4489109295662,0.0004946995461981657,11533471517763731933,train,-3.3056584880262028,-3.3069663,0.0013078167528499662,-3.3058598041534424
-3.0,1.006299553709699e-09,2596.53014928976,491.578961058072,40.01001805266426,305.28831051478386,0.0005187321345108807,6325844468188908084,train,-3.2850568474209596,-3.2768624,0.008194464532165657,-3.284032106399536
-0.4,1.0025105539620802e-09,2526.9743060678943,509.1946075584183,40.75166342427999,301.0515477079729,0.0004683608648787855,15180030701036252205,train,-3.3294194006988462,-3.327837,0.0015824103424009195,-3.322967767715454
-1.4,9.634928280602635e-10,2455.009212271192,512.2369330710814,40.30940301281442,306.6726054586492,0.0005018196865536047,9415233787243991652,train,-3.2994523051698916,-3.2989476,0.0005047324617617477,-3.299980640411377
-1.0,8.622252758820395e-10,2596.9228583838576,499.2028055441836,37.99663516660689,298.18972265332246,0.0004840696771254858,7681735671422946543,train,-3.31509212138624,-3.312952,0.0021400797602635357,-3.3148694038391113
-2.0,9.756514716409811e-10,2404.497548871577,500.9208966540563,41.62971960161597,300.52976098251094,0.000523844952624696,7311808897764695838,train,-3.280797236267449,-3.2880573,0.0072600910030589105,-3.284787893295288
-1.8,9.136850961862703e-10,2400.1705034771794,499.3175315176618,39.85562670167986,300.93280864091923,0.0005053014871123098,689847661215077168,train,-3.296449423622605,-3.292065,0.004384518455978981,-3.2957680225372314
-2.0,1.1762312017058683e-09,2610.23254556298,515.3751788116352,39.24041391228537,297.93305834844136,0.000508021155386678,7155552337602576564,train,-3.294118202132627,-3.2919705,0.0021477107233254245,-3.29263973236084
-0.8,1.0147448677929011e-09,2607.8117384734032,505.1107398178068,40.31257836583995,298.21936914217434,0.0004850046558701236,833253205382390921,train,-3.3142540923070194,-3.3143706,0.0001165398646114646,-3.3126277923583984
0.0,1.006299553709699e-09,2596.53014928976,491.578961058072,40.01001805266426,305.28831051478386,0.0004339352270768,6325844468188908084,train,-3.3625750921983664,-3.3630357,0.000460586665159024,-3.3572938442230225
-2.6,9.89297888860932e-10,2413.8801533334354,510.75595836241,38.53132745549709,285.1813868750008,0.0005231467773050283,6508029577517650568,train,-3.2813764456824015,-3.2867486,0.005372202007417837,-3.2825369834899902
-2.4000000000000004,8.589969950121182e-10,2505.474763633521,514.8627810246533,39.90795077029272,306.8673078749587,0.0005096385557707275,8372103036707258832,train,-3.2927377236768915,-3.288414,0.004323722212047798,-3.291548252105713
-0.6000000000000001,1.0942344693420075e-09,2360.838758300681,491.3731844386217,39.51420947268076,305.7035776891924,0.00048377702138640774,3134241803077969267,train,-3.3153547637585246,-3.3196678,0.004313052403584816,-3.3159399032592773
-2.8000000000000003,9.634928280602635e-10,2455.009212271192,512.2369330710814,40.30940301281442,306.6726054586492,0.0005250393308482145,9415233787243991652,train,-3.27980816225013,-3.2826803,0.0028721108059004408,-3.282130241394043
-1.6,9.60969170700449e-10,2766.6918918406623,529.8468751484584,39.61181207182135,297.3307652107198,0.000500240765573495,6563696386679920944,train,-3.3008209196782397,-3.299514,0.0013068644261644558,-3.297776222229004
-0.6000000000000001,9.682475573035431e-10,2330.6047518253104,479.0686974559265,41.64371883461047,301.63426669668445,0.00048821277182160876,13640118791446356878,train,-3.311390863470457,-3.3094802,0.0019106731933575816,-3.312238931655884
-0.4,8.979123523428992e-10,2531.360993910196,491.918494232159,35.793021097389925,308.86985058095934,0.000466779152945886,579736006479800074,train,-3.3308885484337365,-3.3449433,0.014054736554666825,-3.335671901702881
-0.4,1.032683367538443e-09,2526.170348943833,478.8149532207128,42.09307571557734,293.4443281911712,0.0004751564125175591,12981595077382156139,train,-3.3231634052981605,-3.315402,0.007761374353336237,-3.319154977798462
0.0,8.220747042076196e-10,2489.354974528123,536.8974000619587,36.589080383233394,294.68809277779184,0.0004308334090525,13344013943894260190,train,-3.3656906266262236,-3.3545637,0.011126913552493178,-3.35715651512146
-0.8,1.0455070732925304e-09,2552.705145034877,518.1497095238773,37.60227540602951,298.4772867617408,0.0004719727411462177,13753303497944442308,train,-3.3260830833820934,-3.3209276,0.0051554634480113215,-3.3175182342529297
-2.4000000000000004,9.63679966987411e-10,2457.046368424285,519.0454313677445,40.52844947169319,303.263443359763,0.0005250393160280334,17951410366048416543,train,-3.279808174508874,-3.2857552,0.00594698296182905,-3.280728340148926
-1.0,1.018423641836786e-09,2420.2103352289205,495.3862399264609,39.18777263938059,307.5354074756815,0.00048337306250097526,9985116505034206452,train,-3.31571755569327,-3.3098836,0.005833961180330416,-3.3072259426116943
-1.2000000000000002,8.622252758820395e-10,2596.9228583838576,499.2028055441836,37.99663516660689,298.18972265332246,0.0004895956306687124,7681735671422946543,train,-3.310162466648719,-3.3071947,0.002967756870886795,-3.3095123767852783
-2.2,1.0375673846448864e-09,2379.4103992541063,496.85223216497695,39.047727684139495,305.18782525816323,0.0005132838165162051,3141391476646313355,train,-3.2896424285280728,-3.2909813,0.0013388641965366155,-3.2883832454681396
-0.2,1.0147448677929011e-09,2607.8117384734032,505.1107398178068,40.31257836583995,298.21936914217434,0.00045751194131718904,833253205382390921,train,-3.33959756612107,-3.3393269,0.0002707076005621367,-3.337965488433838
-2.2,1.000072357945733e-09,2615.067429542859,502.8265147659643,41.97319841319997,303.92619603855775,0.0005192475050192774,2056914843148536795,train,-3.2846255815698755,-3.2908974,0.0062717878148901285,-3.2900753021240234
-1.0,9.42387899986183e-10,2596.3418775504824,506.9916211367261,42.54178389838287,305.55199671356803,0.0004873596097314794,3392607520233113049,train,-3.3121504661188643,-3.3095748,0.002575623665861393,-3.310039758682251
-0.6000000000000001,1.1942019403763875e-09,2464.50260258804,490.2741317287723,40.32854625878799,294.3650499716886,0.00048390828861417966,11892504857466714026,train,-3.3152369390226593,-3.313667,0.0015698800779571087,-3.3154616355895996
-1.4,1.0352580576007263e-09,2678.9547588546675,473.131828680381,34.826156523967086,290.8089263982084,0.00048112252860133355,603198139025932464,train,-3.317744306747049,-3.3197877,0.002043433960348562,-3.3104193210601807
-0.6000000000000001,1.0849323731926979e-09,2551.147301026894,487.27717818808753,44.82712146868644,302.5978918999191,0.00048322676712206375,17938021924088880075,train,-3.3158490170784827,-3.3126125,0.003236483509146737,-3.316540002822876
-2.0,1.0803651442869379e-09,2531.060987167743,511.9316238370674,40.66002705988115,288.1838349540611,0.000524519075228029,17485459239320075305,train,-3.2802387131603474,-3.2855709,0.005332146748710187,-3.2837564945220947
-0.6000000000000001,1.1201765668553064e-09,2329.913862262383,487.444276821995,41.61971486534147,298.1037724082114,0.0004925062852194826,10813817281839957845,train,-3.3075882227933313,-3.304901,0.0026873381650354133,-3.3073008060455322
-1.4,1.006299553709699e-09,2596.53014928976,491.578961058072,40.01001805266426,305.28831051478386,0.0004927383945163771,6325844468188908084,train,-3.3073835958802853,-3.304254,0.003129540857091939,-3.3041787147521973
-1.0,9.664729913030388e-10,2627.7330466636663,506.9906344590098,40.06029068650691,301.1540677406581,0.00048131021865013764,8813459275462154891,train,-3.3175749177611276,-3.3106904,0.006884514776508421,-3.3118696212768555
-1.6,1.075576112436465e-09,2439.1914792405805,507.5653121861305,41.43318212059344,299.0815860986159,0.0005056341772910347,8793357247245534573,train,-3.2961635785008885,-3.2918153,0.00434829758658184,-3.292289972305298
-3.0,1.2307353848142815e-09,2445.249484887284,482.48119148575233,42.87746783295031,307.55593866537106,0.0005339179298300354,15038946426069692038,train,-3.2725254945841264,-3.2804105,0.00788503359885695,-3.272432565689087
-1.2000000000000002,9.798133860644783e-10,2446.0111249981446,493.4775434169566,39.325337668236735,299.6111127589073,0.0005005796227513546,7157631882990673600,train,-3.300526833327006,-3.302311,0.0017841102765094874,-3.299455165863037
-0.4,1.1942019403763875e-09,2464.50260258804,490.2741317287723,40.32854625878799,294.3650499716886,0.00047525373635324235,11892504857466714026,train,-3.3230744601096167,-3.3211126,0.0019618273581518686,-3.323700189590454
-0.4,1.0574423663675307e-09,2585.038533860248,471.3266920396063,42.543125490608695,301.3994726877767,0.0004668067451289738,2832837163574657009,train,-3.3308628772386446,-3.328202,0.002660868037594799,-3.3287129402160645
-1.8,8.758150413106088e-10,2554.792538970499,492.8309420700668,37.207464786418186,297.95471711920453,0.0004986449220491499,14100953261967155807,train,-3.302208599239282,-3.297283,0.004925665050439232,-3.299980640411377
-1.6,1.120623623770265e-09,2459.871490367434,512.0011452017391,38.21649432972869,303.56534322943094,0.0005026411036135837,2671493380122846465,train,-3.2987419997413383,-3.2985272,0.00021475898816447625,-3.301544666290283
-2.6,7.777840542828623e-10,2445.911024694583,482.1130919467457,41.27682283342508,300.8565986758517,0.0005164978513977081,13149960228396626776,train,-3.2869314807814565,-3.2799144,0.007017101661583425,-3.2841265201568604
-2.0,1.0203477325736783e-09,2420.870896846657,485.827773341465,41.83782044136868,301.83723728961854,0.0005270029586784041,4106527973129540887,train,-3.2781869465823346,-3.2906415,0.012454599667055088,-3.2854268550872803
-1.4,1.0025105539620802e-09,2526.9743060678943,509.1946075584183,40.75166342427999,301.0515477079729,0.0005017834736998785,15180030701036252205,train,-3.2994836463277855,-3.2992268,0.0002568854635276452,-3.2953412532806396
-1.8,1.25959298622376e-09,2354.3009197629594,499.1918367180637,40.77134716523017,305.22981462209646,0.0005161131262709248,128968913270984251,train,-3.2872550954068207,-3.2920873,0.004832221106240819,-3.288172483444214
-1.4,9.682475573035431e-10,2330.6047518253104,479.0686974559265,41.64371883461047,301.63426669668445,0.0005122593674935831,13640118791446356878,train,-3.290510091074986,-3.2926166,0.002106514683680949,-3.292069673538208
-2.4000000000000004,1.0728366895058958e-09,2396.471193900285,522.5703607996403,39.66536493364173,302.3426017448898,0.0005243317832899112,10539271283961051071,train,-3.280393815967259,-3.2852898,0.004895948437037667,-3.2817423343658447
0.0,1.1395831540373824e-09,2538.761869465952,510.72502895181066,40.87821813200619,300.974125232131,0.0004438184110795,3684234868495982631,train,-3.352794685735413,-3.3545883,0.0017935844519647581,-3.3508999347686768
-2.6,1.006938037138553e-09,2476.033687734913,499.8883185243343,35.52248114367448,306.4489109295662,0.0005152374729532062,11533471517763731933,train,-3.28799255848797,-3.294875,0.006882348051946874,-3.2916154861450195
-2.6,1.0671658198705112e-09,2444.626831258547,492.08006432381046,41.193035529790656,301.7038514591378,0.0005182905379586917,10743645008157788724,train,-3.285426719676459,-3.2810462,0.004380567561590887,-3.2804677486419678
-2.6,1.1201765668553064e-09,2329.913862262383,487.444276821995,41.61971486534147,298.1037724082114,0.0005368061796414109,10813817281839957845,train,-3.2701824932699193,-3.2755117,0.005329248368264317,-3.2721619606018066
-1.6,9.16382362452114e-10,2549.3338723326283,483.7915671011157,41.484417545989686,302.7283665488111,0.0005008347168774903,779010489516208886,train,-3.3003055743149092,-3.299037,0.0012685946396162606,-3.2983243465423584
-2.8000000000000003,1.25959298622376e-09,2354.3009197629594,499.1918367180637,40.77134716523017,305.22981462209646,0.0005306710457750296,128968913270984251,train,-3.2751746074962456,-3.2818863,0.00671173169137651,-3.275517463684082
-1.0,1.0191682032973931e-09,2560.240612715575,475.6482256289376,41.11142736058992,291.8506686301862,0.0004889053752602058,14547390297170085011,train,-3.3107751878680665,-3.2986665,0.01210871066469732,-3.3064067363739014
-2.6,1.0040157435828723e-09,2421.1156291426087,502.3421578152334,38.33334239027114,293.10089722857373,0.0005264365674985516,12886194249589357920,train,-3.2786539512496145,-3.2843487,0.005694775022968557,-3.2815611362457275
-2.8000000000000003,1.243555870393131e-09,2440.816535503744,483.6779599156501,38.81204244575611,302.5323056028984,0.0005197522893839622,4261926717090881150,train,-3.2842035890294285,-3.2825654,0.001638233728525229,-3.2810869216918945
-1.8,8.220747042076196e-10,2489.354974528123,536.8974000619587,36.589080383233394,294.68809277779184,0.0004948944128243848,13344013943894260190,train,-3.3054874491858857,-3.3012576,0.00422983886484074,-3.3009917736053467
-1.2000000000000002,9.118663996020179e-10,2651.95019435956,481.7408591707263,38.899871401178025,300.40158819211445,0.0004854958773591131,17319768135093042826,train,-3.313814453599004,-3.3064375,0.007376961228398482,-3.3090174198150635
-2.8000000000000003,1.0806933086411387e-09,2604.781653428076,466.5836923998952,39.33731057072893,297.69705044733973,0.0005255383739372718,3371631208540637995,train,-3.2793955670177666,-3.278285,0.0011105404674736086,-3.2831809520721436
-0.8,1.013177684158949e-09,2549.0982526102403,506.5025106580401,39.7132385315927,304.62183232922587,0.0004842992342147985,14934561482547682078,train,-3.314886217669443,-3.3183873,0.003501052304311969,-3.316293239593506
-2.0,9.85546704036472e-10,2573.0239327697072,479.3922741661716,39.9154735600532,295.8292447353602,0.0005048778467756164,12112510911978131146,train,-3.2968136850267964,-3.2885685,0.00824518832269483,-3.292954921722412
-0.6000000000000001,9.162514515645111e-10,2366.748252214537,515.4599435910573,36.43861892729903,303.676124223718,0.00045786823585010816,17492872546512810480,train,-3.3392594841716177,-3.327586,0.011673548578966297,-3.33036208152771
-2.8000000000000003,9.798133860644783e-10,2446.0111249981446,493.4775434169566,39.325337668236735,299.6111127589073,0.0005281861883808924,7157631882990673600,train,-3.277212959411543,-3.2799046,0.002691644546586769,-3.27903151512146
-1.2000000000000002,9.928313705154955e-10,2556.196978076177,523.0189213691006,40.51326020590248,298.8914974420704,0.0005006640497124745,903425415547655004,train,-3.300453592088268,-3.301837,0.0013833753799938897,-3.2977070808410645
-2.8000000000000003,9.664729913030388e-10,2627.7330466636663,506.9906344590098,40.06029068650691,301.1540677406581,0.0005155604319281576,8813459275462154891,train,-3.2877204211376174,-3.2782178,0.009502628626631093,-3.2867958545684814
-1.0,9.89297888860932e-10,2413.8801533334354,510.75595836241,38.53132745549709,285.1813868750008,0.000493341551583232,6508029577517650568,train,-3.3068523046405423,-3.3013515,0.005500757399331313,-3.306349515914917
-2.2,9.244750759855351e-10,2606.766252024905,514.7015322051607,39.36697999872778,300.425811364213,0.0005141938988842637,13867644369009061341,train,-3.2888730807398665,-3.2888558,1.7289647947560383e-05,-3.2943713665008545
-2.2,1.0705485436227222e-09,2590.7468930890127,531.0534862964538,41.61731424149927,306.85396396460635,0.0005241195667130212,4155552024635161694,train,-3.2805696266800215,-3.2918708,0.011301205763215805,-3.287501573562622
-1.2000000000000002,8.584521018906483e-10,2718.2749419682723,482.1832227724541,38.88005077046229,301.691940704981,0.0004853649419339556,3494250555080783753,train,-3.3139315961015052,-3.3068233,0.007108342469913431,-3.312676191329956
-2.2,1.013177684158949e-09,2549.0982526102403,506.5025106580401,39.7132385315927,304.62183232922587,0.0005166527302191313,14934561482547682078,train,-3.2868012712665835,-3.2904243,0.003623075657244623,-3.2925264835357666
-0.2,9.220148370062531e-10,2472.3739758500788,504.5088858703008,41.28793476116813,303.0641722996054,0.00045352307038033676,7538273554073210114,train,-3.3434006158055767,-3.333255,0.01014556323904836,-3.343066692352295
-0.2,9.798133860644783e-10,2446.0111249981446,493.4775434169566,39.325337668236735,299.6111127589073,0.00046193097708360363,7157631882990673600,train,-3.335422912996191,-3.3367572,0.0013342700787601913,-3.333400249481201
-0.4,1.1762312017058683e-09,2610.23254556298,515.3751788116352,39.24041391228537,297.93305834844136,0.00046413161418825674,7155552337602576564,train,-3.3333588487326695,-3.3329182,0.00044068161841170905,-3.3294475078582764
-1.2000000000000002,9.50582857470194e-10,2403.738957653681,492.6388454667692,37.10727035463277,300.4554170460457,0.0004967287062191306,9184494546452176042,train,-3.303880741167809,-3.306699,0.0028182963840710507,-3.3050589561462402
-2.2,9.979877857013674e-10,2496.537246315292,510.00187244466247,38.795972505421744,297.7961123434831,0.0005094817567207198,1378160361063041439,train,-3.292871362388413,-3.2885435,0.0043278996351170385,-3.29190993309021
-1.8,1.0942344693420075e-09,2360.838758300681,491.3731844386217,39.51420947268076,305.7035776891924,0.0005157228021815518,3134241803077969267,train,-3.28758366626112,-3.2949593,0.007375640455798749,-3.2924206256866455
-0.6000000000000001,1.000072357945733e-09,2615.067429542859,502.8265147659643,41.97319841319997,303.92619603855775,0.0004792118570205213,2056914843148536795,train,-3.3194724448447923,-3.32304,0.0035675637001295613,-3.3186070919036865
-2.0,1.0933784852654091e-09,2410.884334287086,539.0569290920441,39.62193192256099,289.3285700165644,0.0005176405940711804,16519722322841066187,train,-3.2859716730468174,-3.2859228,4.890731500584167e-05,-3.2811665534973145
-0.2,9.123213222215395e-10,2625.69228411366,506.617977618184,38.92442853409919,306.1252360546967,0.0004430585768088264,2928394120619732261,train,-3.353538851873811,-3.346712,0.006826739447053143,-3.350585460662842
-1.0,1.0692616090001279e-09,2445.881237248077,515.6238842072526,38.37558042728467,295.9516778251947,0.0004909034961218606,2860266914913243763,train,-3.3090038749259496,-3.307399,0.0016048404258275362,-3.3077924251556396
-0.6000000000000001,9.928313705154955e-10,2556.196978076177,523.0189213691006,40.51326020590248,298.8914974420704,0.0004811506164771237,903425415547655004,train,-3.31771895342709,-3.319575,0.0018561179077489776,-3.31329607963562
-0.2,1.000096056099185e-09,2446.239819629679,503.61049666576776,43.101977222602514,303.9832024614659,0.0004670250888095172,13944279034983237670,train,-3.330659788301429,-3.3249347,0.005725067308386844,-3.3311281204223633
-0.8,9.980121445569454e-10,2387.75545073954,508.7275610680178,38.8972081784186,297.8606493603604,0.00048064549119193037,11032972375804727196,train,-3.3181751273343236,-3.3104277,0.007747461623874408,-3.311537981033325
-2.4000000000000004,1.2225799825820127e-09,2598.953191343567,516.8045118894966,39.85430360518959,306.74502895459364,0.0005105915039106728,17234994038809733169,train,-3.2919264160014334,-3.2875745,0.004351886353606282,-3.2922933101654053
-0.4,8.599648780937921e-10,2637.8899539670565,501.9551856304757,39.90381821426863,300.9815905741297,0.0004571372495486593,14435728251762431223,train,-3.3399533890490622,-3.3339593,0.005994047999867913,-3.3356692790985107
-1.4,1.032683367538443e-09,2526.170348943833,478.8149532207128,42.09307571557734,293.4443281911712,0.0005084115175743709,12981595077382156139,train,-3.2937846194824356,-3.290439,0.0033457290252822958,-3.291701555252075
-1.2000000000000002,9.920951194363948e-10,2484.0228854962547,482.5603784265586,38.422268984819695,304.0303353891022,0.0004891977089584035,2314355766595058403,train,-3.3105155855463266,-3.3079183,0.00259727538092136,-3.3038759231567383
-0.8,1.0803651442869379e-09,2531.060987167743,511.9316238370674,40.66002705988115,288.1838349540611,0.0004959980039111143,17485459239320075305,train,-3.3045200712761993,-3.3032336,0.001286447771560617,-3.3053267002105713
-2.6,8.599648780937921e-10,2637.8899539670565,501.9551856304757,39.90381821426863,300.9815905741297,0.0005116195972570457,14435728251762431223,train,-3.2910528285061487,-3.2812123,0.009840498641646711,-3.290073871612549
-0.8,7.777840542828623e-10,2445.911024694583,482.1130919467457,41.27682283342508,300.8565986758517,0.0004791808629148214,13149960228396626776,train,-3.3195005347265325,-3.3102422,0.0092583586706243,-3.3139379024505615
-2.8000000000000003,1.0732744646319759e-09,2458.1779927472685,500.451348042105,41.29986197643443,296.3385514465405,0.0005246653710408834,15854623793106210877,train,-3.280117599156254,-3.2734168,0.006700841572635952,-3.2775654792785645
-1.0,1.0671658198705112e-09,2444.626831258547,492.08006432381046,41.193035529790656,301.7038514591378,0.0004876649179138255,10743645008157788724,train,-3.3118784859595003,-3.30456,0.0073185398993196316,-3.305164098739624
-1.6,7.516487326049726e-10,2475.0294016619155,481.8667099014746,36.16652897024234,304.10393187120707,0.0004925866976714045,4556256472297801959,train,-3.30751732048293,-3.3024044,0.005112916796406353,-3.305551528930664
-1.8,9.920951194363948e-10,2484.0228854962547,482.5603784265586,38.422268984819695,304.0303353891022,0.0005022347440212584,2314355766595058403,train,-3.2990932465916845,-3.2970304,0.0020627976781102397,-3.295886993408203
-2.4000000000000004,9.525981103063824e-10,2521.0178569100235,513.1122387074643,39.33447860201831,299.4635962010897,0.0005207300871485414,2217437892012799629,train,-3.2833873285945363,-3.2854192,0.0020318970982127205,-3.287719249725342
-0.8,8.4981307882089e-10,2622.111610500832,493.1418777793542,40.32755095458103,299.70047987606006,0.0004834536748642104,5127878088967066821,train,-3.315645134227759,-3.3158064,0.0001612546272213855,-3.3151814937591553
-1.2000000000000002,1.0941860864671191e-09,2539.112215454232,503.69324532533454,39.339075937042885,294.39428351617613,0.0004995507923842545,12823118457006761398,train,-3.3014203478169035,-3.3017747,0.00035439240221268875,-3.300541639328003
-2.8000000000000003,1.0308127820747194e-09,2437.7200106987866,482.5972990901911,40.648465379108416,299.4728047413536,0.0005361200007123656,18026431441542812131,train,-3.2707379905046188,-3.2762313,0.005493298405293334,-3.273837089538574
-0.8,9.798133860644783e-10,2446.0111249981446,493.4775434169566,39.325337668236735,299.6111127589073,0.0004888873711982851,7157631882990673600,train,-3.310791181164751,-3.3138225,0.003031326693525571,-3.3096566200256348
-1.2000000000000002,1.0942344693420075e-09,2360.838758300681,491.3731844386217,39.51420947268076,305.7035776891924,0.0005027958759492268,3134241803077969267,train,-3.298608293157598,-3.301461,0.0028526882114205954,-3.2998600006103516
-0.2,9.16382362452114e-10,2549.3338723326283,483.7915671011157,41.484417545989686,302.7283665488111,0.00045207491936346666,779010489516208886,train,-3.344789586494112,-3.3407197,0.004069886634492814,-3.3405981063842773
-3.0,9.756514716409811e-10,2404.497548871577,500.9208966540563,41.62971960161597,300.52976098251094,0.0005377539179157227,7311808897764695838,train,-3.269416416788049,-3.2729106,0.0034941781521364845,-3.2720863819122314
-1.6,1.0727510291740675e-09,2408.6350240081065,515.7307920217833,36.322106531247385,300.55707391972635,0.0004893547569086844,16501516911797089168,train,-3.3103761856446026,-3.3010676,0.009308594931101588,-3.3021483421325684
-0.8,9.979877857013674e-10,2496.537246315292,510.00187244466247,38.795972505421744,297.7961123434831,0.0004780685056082659,1378160361063041439,train,-3.3205098659906116,-3.3153918,0.005118087044688746,-3.3151321411132812
-0.8,9.89963136259949e-10,2542.7024133885266,503.0087467521194,39.0211226249472,305.0510216058231,0.00047492511313217394,380264510751012186,train,-3.3233748651487374,-3.3200562,0.0033186651212715468,-3.3140180110931396
-2.6,1.0803651442869379e-09,2531.060987167743,511.9316238370674,40.66002705988115,288.1838349540611,0.0005334021023180748,17485459239320075305,train,-3.2729452769413436,-3.278676,0.005730756078675903,-3.2758989334106445
-1.6,1.0849323731926979e-09,2551.147301026894,487.27717818808753,44.82712146868644,302.5978918999191,0.0005126420189386064,17938021924088880075,train,-3.290185799546089,-3.2988496,0.008663783126030111,-3.2934508323669434
-1.2000000000000002,1.1201765668553064e-09,2329.913862262383,487.444276821995,41.61971486534147,298.1037724082114,0.0005114931343662972,10813817281839957845,train,-3.2911601913298134,-3.290461,0.0006991279448036458,-3.290623188018799
-1.4,1.0040157435828723e-09,2421.1156291426087,502.3421578152334,38.33334239027114,293.10089722857373,0.0005063609475238365,12886194249589357920,train,-3.2955397961362505,-3.2968125,0.001272738196024914,-3.2966742515563965
-1.4,9.89297888860932e-10,2413.8801533334354,510.75595836241,38.53132745549709,285.1813868750008,0.0005032751154874564,6508029577517650568,train,-3.298194542826902,-3.2943776,0.003816977442991032,-3.2980079650878906
-2.0,9.123213222215395e-10,2625.69228411366,506.617977618184,38.92442853409919,306.1252360546967,0.0004994121942923035,2928394120619732261,train,-3.3015408575609593,-3.2934563,0.00808454156669658,-3.301975727081299
-2.6,1.013177684158949e-09,2549.0982526102403,506.5025106580401,39.7132385315927,304.62183232922587,0.0005224653912898055,14934561482547682078,train,-3.2819424724315818,-3.2837048,0.0017622852588479176,-3.2875819206237793
-2.0,9.89297888860932e-10,2413.8801533334354,510.75595836241,38.53132745549709,285.1813868750008,0.0005146033960655125,6508029577517650568,train,-3.2885273520400804,-3.289296,0.0007685597488600315,-3.289679765701294
-3.0,1.0806933086411387e-09,2604.781653428076,466.5836923998952,39.33731057072893,297.69705044733973,0.0005278953632610272,3371631208540637995,train,-3.2774521525832307,-3.2770162,0.0004359897109162958,-3.2810449600219727
-0.6000000000000001,1.0732744646319759e-09,2458.1779927472685,500.451348042105,41.29986197643443,296.3385514465405,0.0004784525078622224,15854623793106210877,train,-3.3201611646729354,-3.311379,0.008782208831870975,-3.3151211738586426
-1.6,9.634928280602635e-10,2455.009212271192,512.2369330710814,40.30940301281442,306.6726054586492,0.0005061768769002095,9415233787243991652,train,-3.295697698103118,-3.297066,0.0013682751787422731,-3.2975575923919678
-2.4000000000000004,1.1396379394271226e-09,2408.4924726992253,490.0725825278824,43.06550150160359,292.35304316269765,0.0005346576351803065,10954724855113224492,train,-3.271924226852224,-3.27204,0.00011566343708269144,-3.272329568862915
-2.6,1.075576112436465e-09,2439.1914792405805,507.5653121861305,41.43318212059344,299.0815860986159,0.0005218386200261896,8793357247245534573,train,-3.282463782952155,-3.2784743,0.003989452050055409,-3.2793400287628174
0.0,1.0071535471770136e-09,2369.635821802133,538.5091665951578,40.65637295368661,296.23853018587084,0.0004558446210023,6305389621858259219,train,-3.341183165538725,-3.3302042,0.010978917110380237,-3.335416078567505
-2.8000000000000003,1.032683367538443e-09,2526.170348943833,478.8149532207128,42.09307571557734,293.4443281911712,0.0005317551633023768,12981595077382156139,train,-3.274288284438221,-3.2697177,0.00457059110936342,-3.272447347640991
-0.6000000000000001,9.304065850268983e-10,2472.4930947482308,495.539662311,41.9345213676303,296.5403011366731,0.0004821200252013009,1906069974405082520,train,-3.316844829409325,-3.3101242,0.006720670550071972,-3.3163509368896484
-2.8000000000000003,1.006299553709699e-09,2596.53014928976,491.578961058072,40.01001805266426,305.28831051478386,0.0005163274621216332,6325844468188908084,train,-3.287074775338779,-3.2796185,0.007456273675571001,-3.2863900661468506
0.0,8.762920771795992e-10,2597.67569731618,502.646286170094,38.978559546027874,295.06946514256083,0.0004299720189996,2033506848451370756,train,-3.3665598057912667,-3.3567355,0.009824337880500078,-3.3582701683044434
-1.8,9.16382362452114e-10,2549.3338723326283,483.7915671011157,41.484417545989686,302.7283665488111,0.0005047731593029453,779010489516208886,train,-3.29690374622932,-3.2962627,0.0006410051404528438,-3.2958929538726807
-0.4,9.58904338765352e-10,2486.667922677388,495.3304947031063,40.43386356777175,305.1954997344612,0.0004751869964045418,13052852389533457310,train,-3.323135452427163,-3.3314888,0.008353395305380928,-3.325697660446167
-2.8000000000000003,9.926993823896762e-10,2332.1716999604114,489.929360905385,39.90607827400121,296.137708789732,0.000520295257410748,8562678507013604755,train,-3.2837501327619094,-3.275187,0.008563117228462147,-3.277116298675537
-0.2,1.0732744646319759e-09,2458.1779927472685,500.451348042105,41.29986197643443,296.3385514465405,0.00045906650952406926,15854623793106210877,train,-3.3381243893499106,-3.3279715,0.010152930914852032,-3.3331406116485596
-1.0,9.58904338765352e-10,2486.667922677388,495.3304947031063,40.43386356777175,305.1954997344612,0.0004982989330244798,13052852389533457310,train,-3.302510042754845,-3.3099306,0.007420520218177629,-3.3055436611175537
-0.8,1.1942019403763875e-09,2464.50260258804,490.2741317287723,40.32854625878799,294.3650499716886,0.0004911044848734401,11892504857466714026,train,-3.3088260997782037,-3.3066194,0.0022066940317437833,-3.3091487884521484
-2.8000000000000003,7.777840542828623e-10,2445.911024694583,482.1130919467457,41.27682283342508,300.8565986758517,0.0005190054468135879,13149960228396626776,train,-3.284828084331364,-3.2763772,0.00845088325104193,-3.281491756439209
-2.4000000000000004,1.0806933086411387e-09,2604.781653428076,466.5836923998952,39.33731057072893,297.69705044733973,0.0005202813368795063,3371631208540637995,train,-3.283761752492618,-3.2834015,0.0003602632348056467,-3.288656711578369
-2.4000000000000004,1.0933784852654091e-09,2410.884334287086,539.0569290920441,39.62193192256099,289.3285700165644,0.0005235883410922715,16519722322841066187,train,-3.281010032586647,-3.2823555,0.001345514364647027,-3.276207685470581
-1.8,9.244750759855351e-10,2606.766252024905,514.7015322051607,39.36697999872778,300.425811364213,0.0005073411044558733,13867644369009061341,train,-3.294699949992488,-3.2951763,0.00047631763141353645,-3.300382375717163
-1.8,1.0352580576007263e-09,2678.9547588546675,473.131828680381,34.826156523967086,290.8089263982084,0.0004890860382186526,603198139025932464,train,-3.3106147346662307,-3.315257,0.004642337782499784,-3.304957151412964
-2.0,1.075576112436465e-09,2439.1914792405805,507.5653121861305,41.43318212059344,299.0815860986159,0.0005129837963739002,8793357247245534573,train,-3.2898963527371934,-3.2876554,0.0022409991910508076,-3.286985397338867
-1.4,9.808684991835892e-10,2440.440905080504,475.02919518003887,43.13862383173334,296.64614602139693,0.0005162698655818295,10893922623691634355,train,-3.287123223768323,-3.2901065,0.002983311189562521,-3.289027690887451
-2.6,9.304065850268983e-10,2472.4930947482308,495.539662311,41.9345213676303,296.5403011366731,0.000526751817026125,1906069974405082520,train,-3.2783939576219816,-3.2757137,0.0026802754472989854,-3.2814362049102783
-1.2000000000000002,9.60969170700449e-10,2766.6918918406623,529.8468751484584,39.61181207182135,297.3307652107198,0.0004907728874324623,6563696386679920944,train,-3.3091194377211424,-3.3069348,0.002184604194531037,-3.3039844036102295
-0.2,1.066709170571727e-09,2302.646144768272,474.8978179470865,37.69553984942066,294.1521471075916,0.00045767336709170954,3765765162242439701,train,-3.3394443592826426,-3.3309293,0.008515079955250027,-3.3362481594085693
0.0,8.241763212999094e-10,2472.357675267654,473.84577322091,39.21856251436128,307.7679942040925,0.0004342911321436,14456930291123660273,train,-3.3622190384720336,-3.3597565,0.0024625687454711276,-3.3586888313293457
-2.2,1.0789603531824067e-09,2367.1936347140645,478.9001778930339,37.12870103512795,297.3410066095633,0.0005186649227231721,4747465828158748725,train,-3.2851131223223735,-3.2906394,0.005526278159804221,-3.289480447769165
-1.6,1.013177684158949e-09,2549.0982526102403,506.5025106580401,39.7132385315927,304.62183232922587,0.0005057547977415448,14934561482547682078,train,-3.296059988690039,-3.2995343,0.003474332141260028,-3.300300121307373
-1.2000000000000002,1.0574423663675307e-09,2585.038533860248,471.3266920396063,42.543125490608695,301.3994726877767,0.0004951820636174127,2832837163574657009,train,-3.305235094628203,-3.3039033,0.0013317533348682353,-3.3041799068450928
-0.8,8.584521018906483e-10,2718.2749419682723,482.1832227724541,38.88005077046229,301.691940704981,0.00047310240606590755,3494250555080783753,train,-3.325044843246109,-3.3201997,0.004845115234024089,-3.3240270614624023
-0.2,1.0025105539620802e-09,2526.9743060678943,509.1946075584183,40.75166342427999,301.0515477079729,0.0004572121596089777,15180030701036252205,train,-3.339882228012412,-3.336655,0.003227326507895256,-3.3349573612213135
-1.8,1.0803651442869379e-09,2531.060987167743,511.9316238370674,40.66002705988115,288.1838349540611,0.0005209878655702519,17485459239320075305,train,-3.28317239181996,-3.287693,0.004520631861680613,-3.286034107208252
-0.8,9.220148370062531e-10,2472.3739758500788,504.5088858703008,41.28793476116813,303.0641722996054,0.0004806472753304703,7538273554073210114,train,-3.3181735152520324,-3.3106108,0.007562744072833194,-3.316779375076294
-1.2000000000000002,1.066709170571727e-09,2302.646144768272,474.8978179470865,37.69553984942066,294.1521471075916,0.0004941651999982986,3765765162242439701,train,-3.306127841655216,-3.298283,0.007844741527041954,-3.303119659423828
-2.8000000000000003,9.42387899986183e-10,2596.3418775504824,506.9916211367261,42.54178389838287,305.55199671356803,0.0005221586213471687,3392607520233113049,train,-3.2821975469761435,-3.279739,0.002458643930489224,-3.282485246658325
-3.0,1.075576112436465e-09,2439.1914792405805,507.5653121861305,41.43318212059344,299.0815860986159,0.0005266985061190081,8793357247245534573,train,-3.2784379134351744,-3.2723825,0.0060554156476988474,-3.275177478790283
-0.8,9.16382362452114e-10,2549.3338723326283,483.7915671011157,41.484417545989686,302.7283665488111,0.00047954435551341974,779010489516208886,train,-3.3191712165145697,-3.3153615,0.003809716728192747,-3.314784526824951
-0.2,1.0789603531824067e-09,2367.1936347140645,478.9001778930339,37.12870103512795,297.3410066095633,0.0004623378818230582,4747465828158748725,train,-3.3350405210271887,-3.3389626,0.003922033904451894,-3.3355069160461426
-0.8,9.50582857470194e-10,2403.738957653681,492.6388454667692,37.10727035463277,300.4554170460457,0.00048519808832941133,9184494546452176042,train,-3.3140809189135094,-3.3199131,0.005832229966495461,-3.3135757446289062
-2.6,9.525981103063824e-10,2521.0178569100235,513.1122387074643,39.33447860201831,299.4635962010897,0.0005234856767419403,2217437892012799629,train,-3.281095196691993,-3.2827013,0.0016060571989982009,-3.2857563495635986
-1.2000000000000002,9.89963136259949e-10,2542.7024133885266,503.0087467521194,39.0211226249472,305.0510216058231,0.00048673700539568916,380264510751012186,train,-3.312705634179331,-3.3074124,0.005293248238779302,-3.304435968399048
-0.2,1.0060692139373963e-09,2527.3807724384133,522.7157534573084,43.167246359099664,298.50956140834,0.00047003796840871,1367897570274288222,train,-3.327867059501764,-3.325552,0.0023150728074279314,-3.322866201400757
0.0,1.0789603531824067e-09,2367.1936347140645,478.9001778930339,37.12870103512795,297.3410066095633,0.0004484997485832,4747465828158748725,train,-3.3482377960735334,-3.3501322,0.0018944308704362811,-3.3485665321350098
-1.0,8.589969950121182e-10,2505.474763633521,514.8627810246533,39.90795077029272,306.8673078749587,0.0004810442267890851,8372103036707258832,train,-3.3178149931324743,-3.3091362,0.008678840865018245,-3.314408779144287
-0.6000000000000001,9.16382362452114e-10,2549.3338723326283,483.7915671011157,41.484417545989686,302.7283665488111,0.0004720348758321828,779010489516208886,train,-3.3260259127601555,-3.3226902,0.0033356642707755846,-3.321129322052002
-1.4,8.599648780937921e-10,2637.8899539670565,501.9551856304757,39.90381821426863,300.9815905741297,0.000490562440672186,14435728251762431223,train,-3.3093057060954805,-3.3017073,0.007598438334250002,-3.3058011531829834
-0.6000000000000001,1.0308127820747194e-09,2437.7200106987866,482.5972990901911,40.648465379108416,299.4728047413536,0.0004883434482777874,18026431441542812131,train,-3.3112746344956094,-3.317446,0.006171358927852477,-3.311150312423706
-2.6,9.980121445569454e-10,2387.75545073954,508.7275610680178,38.8972081784186,297.8606493603604,0.0005168739109221613,11032972375804727196,train,-3.28661538818148,-3.2825212,0.004094140317710604,-3.284449577331543
-1.2000000000000002,1.1064539714677527e-09,2488.434465234489,500.4335716276796,41.129719458135625,288.0815978442095,0.0004976882307852691,4253972365711734043,train,-3.3030426292287496,-3.2899182,0.013124444948354075,-3.297658681869507
0.0,1.2307353848142815e-09,2445.249484887284,482.48119148575233,42.87746783295031,307.55593866537106,0.0004487948216414,15038946426069692038,train,-3.3479521627713686,-3.3503234,0.0023712758730405348,-3.3475191593170166
-0.8,1.1459805246638944e-09,2630.825732937456,497.4739907663986,41.26661222078493,300.2753689300697,0.0004772817871842198,12849312948239067464,train,-3.321225137760944,-3.3145006,0.0067245674637028685,-3.3150856494903564
-0.6000000000000001,8.89459518994858e-10,2383.601346469497,502.4892009812192,38.55163090195673,309.2198732722366,0.00047372532057368943,3483175946691254694,train,-3.3244734016525723,-3.3217297,0.0027437416183926366,-3.3244521617889404
-1.8,1.1201765668553064e-09,2329.913862262383,487.444276821995,41.61971486534147,298.1037724082114,0.0005245345553828376,10813817281839957845,train,-3.2802258959971122,-3.2854865,0.005260563734943435,-3.283222198486328
-2.6,1.0308127820747194e-09,2437.7200106987866,482.5972990901911,40.648465379108416,299.4728047413536,0.0005335532157852353,18026431441542812131,train,-3.2728222582089668,-3.2792952,0.006472947860979517,-3.2762176990509033
-2.0,7.777840542828623e-10,2445.911024694583,482.1130919467457,41.27682283342508,300.8565986758517,0.000507688379228406,13149960228396626776,train,-3.2944027772980506,-3.2901244,0.004278360946732285,-3.291785478591919
0.0,9.664729913030388e-10,2627.7330466636663,506.9906344590098,40.06029068650691,301.1540677406581,0.0004330223564406,8813459275462154891,train,-3.3634896809488426,-3.360618,0.0028715664774070504,-3.357665777206421
-1.6,9.123213222215395e-10,2625.69228411366,506.617977618184,38.92442853409919,306.1252360546967,0.0004918800058682133,2928394120619732261,train,-3.3081408304546653,-3.300168,0.007972793040114556,-3.306920051574707
-2.6,1.1762312017058683e-09,2610.23254556298,515.3751788116352,39.24041391228537,297.93305834844136,0.0005167125546851462,7155552337602576564,train,-3.2867509861720836,-3.2832515,0.0034994622005259934,-3.2839853763580322
-0.4,9.136850961862703e-10,2400.1705034771794,499.3175315176618,39.85562670167986,300.93280864091923,0.0004647124523139217,689847661215077168,train,-3.332815690123311,-3.3249192,0.007896466337910635,-3.3285226821899414
-2.0,1.0073410050818803e-09,2574.374612551252,485.6872921198837,42.17824256593523,298.72995545788456,0.0005156895302128057,9029148243980292461,train,-3.287611685767926,-3.289463,0.0018513574449645631,-3.287053346633911
-0.2,8.220747042076196e-10,2489.354974528123,536.8974000619587,36.589080383233394,294.68809277779184,0.0004446190395376957,13344013943894260190,train,-3.3520119438207585,-3.3441067,0.007905269626422573,-3.344372034072876
0.0,9.118663996020179e-10,2651.95019435956,481.7408591707263,38.899871401178025,300.40158819211445,0.0004314625352501,17319768135093042826,train,-3.36505690896508,-3.3618953,0.003161586165397523,-3.359581232070923
-1.8,1.0705485436227222e-09,2590.7468930890127,531.0534862964538,41.61731424149927,306.85396396460635,0.0005170192717619207,4155552024635161694,train,-3.2864932683879355,-3.2971516,0.010658297163822272,-3.2930221557617188
-1.0,1.1201765668553064e-09,2329.913862262383,487.444276821995,41.61971486534147,298.1037724082114,0.000506030033031361,10813817281839957845,train,-3.2958237068899856,-3.2937016,0.0021220581778274017,-3.2957241535186768
-2.6,1.0806933086411387e-09,2604.781653428076,466.5836923998952,39.33731057072893,297.69705044733973,0.0005230069675530001,3371631208540637995,train,-3.28149252537811,-3.2805395,0.0009530127438326375,-3.285841703414917
-2.6,1.0705485436227222e-09,2590.7468930890127,531.0534862964538,41.61731424149927,306.85396396460635,0.0005301445590684327,4155552024635161694,train,-3.2756056914456146,-3.284472,0.008866297232363873,-3.282278299331665
-0.8,1.104689398918354e-09,2572.8324404304963,485.2307246352714,40.714467773434976,300.93677074401546,0.0004852896010618794,9216328605101287225,train,-3.313999014783685,-3.3155272,0.001528185915167679,-3.3119726181030273
-3.0,1.2225799825820127e-09,2598.953191343567,516.8045118894966,39.85430360518959,306.74502895459364,0.0005182807900297149,17234994038809733169,train,-3.285434887897305,-3.27808,0.0073549013250393536,-3.2849481105804443
-0.2,9.162514515645111e-10,2366.748252214537,515.4599435910573,36.43861892729903,303.676124223718,0.00043940948537515286,17492872546512810480,train,-3.3571305723549147,-3.3382106,0.018919989621760447,-3.348477840423584
-2.4000000000000004,8.762920771795992e-10,2597.67569731618,502.646286170094,38.978559546027874,295.06946514256083,0.0005044294453573136,2033506848451370756,train,-3.2971995700312475,-3.2862463,0.010953270287595185,-3.2918741703033447
-2.2,1.006299553709699e-09,2596.53014928976,491.578961058072,40.01001805266426,305.28831051478386,0.0005079418953561722,6325844468188908084,train,-3.2941859648212977,-3.2906382,0.0035477564320154364,-3.294168710708618
-1.4,9.89963136259949e-10,2542.7024133885266,503.0087467521194,39.0211226249472,305.0510216058231,0.0004916047962353598,380264510751012186,train,-3.3083838886651815,-3.3032758,0.0051080650720418674,-3.3010106086730957
-2.4000000000000004,1.1064539714677527e-09,2488.434465234489,500.4335716276796,41.129719458135625,288.0815978442095,0.0005197517239798401,4253972365711734043,train,-3.2842040614699135,-3.2767398,0.007464225730777763,-3.280282735824585
-1.2000000000000002,1.0455070732925304e-09,2552.705145034877,518.1497095238773,37.60227540602951,298.4772867617408,0.00048343720503021245,13753303497944442308,train,-3.315659929605754,-3.3078523,0.007807661386759701,-3.307640314102173
-2.4000000000000004,1.1942019403763875e-09,2464.50260258804,490.2741317287723,40.32854625878799,294.3650499716886,0.0005249235494067178,11892504857466714026,train,-3.279903943238769,-3.279977,7.313996740787587e-05,-3.2815494537353516
-1.4,9.980121445569454e-10,2387.75545073954,508.7275610680178,38.8972081784186,297.8606493603604,0.0004968609194910073,11032972375804727196,train,-3.3037651612678913,-3.2959576,0.0078075959602741385,-3.2981081008911133
-0.2,1.1064539714677527e-09,2488.434465234489,500.4335716276796,41.129719458135625,288.0815978442095,0.0004598987253264068,4253972365711734043,train,-3.3373377941321483,-3.321091,0.01624685747138166,-3.332063674926758
-1.8,9.979877857013674e-10,2496.537246315292,510.00187244466247,38.795972505421744,297.7961123434831,0.0005027781078148282,1378160361063041439,train,-3.2986236408154497,-3.2938564,0.004767258445454559,-3.2964084148406982
-0.6000000000000001,9.74908016407874e-10,2433.9347159425315,536.1873069142775,40.58953669016749,293.2225739384997,0.0004922484916044628,18393380424088899902,train,-3.307815605995049,-3.3083146,0.0004989558488230905,-3.3024284839630127
-0.4,9.525981103063824e-10,2521.0178569100235,513.1122387074643,39.33447860201831,299.4635962010897,0.00046944193113464684,2217437892012799629,train,-3.328418121283906,-3.330756,0.002337827736479614,-3.327918291091919
-2.2,7.777840542828623e-10,2445.911024694583,482.1130919467457,41.27682283342508,300.8565986758517,0.0005108729447898584,13149960228396626776,train,-3.291687096416575,-3.2870336,0.004653538524729495,-3.289304494857788
-1.2000000000000002,1.0705485436227222e-09,2590.7468930890127,531.0534862964538,41.61731424149927,306.85396396460635,0.0005032640289896041,4155552024635161694,train,-3.298204109876266,-3.3036869,0.005482747347244743,-3.302158832550049
-3.0,9.220148370062531e-10,2472.3739758500788,504.5088858703008,41.28793476116813,303.0641722996054,0.0005226801881670566,7538273554073210114,train,-3.2817639612238283,-3.2755635,0.006200482753979664,-3.282637119293213
-2.6,1.0044736023004086e-09,2276.4853940628345,486.8441992232576,38.23677890677304,298.10055132439214,0.000523684523507914,15363031408316951214,train,-3.2809302606496495,-3.2830722,0.0021419725504236986,-3.2822177410125732
-2.0,1.018423641836786e-09,2420.2103352289205,495.3862399264609,39.18777263938059,307.5354074756815,0.0005050443795600769,9985116505034206452,train,-3.2966704576215236,-3.2952187,0.001451751490542108,-3.292790174484253
-2.4000000000000004,9.664729913030388e-10,2627.7330466636663,506.9906344590098,40.06029068650691,301.1540677406581,0.0005101895208279039,8813459275462154891,train,-3.2922684659405657,-3.2848415,0.007426928464979721,-3.291569232940674
-1.2000000000000002,8.75983736068783e-10,2627.978517028968,489.37942559949954,40.91913452211564,297.20307373531364,0.0004910595988128454,5144607327742428380,train,-3.30886579532148,-3.301753,0.007112751193062206,-3.3016183376312256
-2.2,1.0050101529814667e-09,2449.206992526188,478.70441149946606,40.80112322251315,299.2329513672896,0.000522363380402227,15255519671477510073,train,-3.282027276309328,-3.2856448,0.0036174933592509895,-3.284259080886841
-0.8,8.89459518994858e-10,2383.601346469497,502.4892009812192,38.55163090195673,309.2198732722366,0.0004811542737362243,3483175946691254694,train,-3.3177156523372537,-3.3137276,0.003988035073459795,-3.317737579345703
-1.4,1.120623623770265e-09,2459.871490367434,512.0011452017391,38.21649432972869,303.56534322943094,0.0004983869501265762,2671493380122846465,train,-3.3024333378621615,-3.301529,0.0009044071980990331,-3.304481267929077
-1.0,1.104689398918354e-09,2572.8324404304963,485.2307246352714,40.714467773434976,300.93677074401546,0.0004917062889530514,9216328605101287225,train,-3.3082942370217348,-3.3092504,0.0009561177451109515,-3.306708335876465
-2.2,1.0806933086411387e-09,2604.781653428076,466.5836923998952,39.33731057072893,297.69705044733973,0.0005173345897421089,3371631208540637995,train,-3.286228483060246,-3.286554,0.00032561506902650805,-3.2915871143341064
-0.4,1.25959298622376e-09,2354.3009197629594,499.1918367180637,40.77134716523017,305.22981462209646,0.00047553470328334926,128968913270984251,train,-3.3228177838905806,-3.3182511,0.004566650925492688,-3.322521686553955
-0.2,9.920951194363948e-10,2484.0228854962547,482.5603784265586,38.422268984819695,304.0303353891022,0.0004506821415004967,2314355766595058403,train,-3.3461296507185763,-3.3447068,0.0014228769606416947,-3.3405959606170654
-3.0,9.85546704036472e-10,2573.0239327697072,479.3922741661716,39.9154735600532,295.8292447353602,0.0005185671344759693,12112510911978131146,train,-3.285195011222714,-3.2755213,0.009673732841366522,-3.2824807167053223
-2.4000000000000004,1.0789603531824067e-09,2367.1936347140645,478.9001778930339,37.12870103512795,297.3410066095633,0.0005214858200436336,4747465828158748725,train,-3.282757496174227,-3.2891107,0.00635316437875133,-3.2875547409057617
-1.4,1.0147448677929011e-09,2607.8117384734032,505.1107398178068,40.31257836583995,298.21936914217434,0.0005019199115614994,833253205382390921,train,-3.299365575169195,-3.299645,0.00027937188280713343,-3.298471212387085
-1.8,9.595802013951228e-10,2610.2949574222403,489.9218602044182,42.219532217947325,302.0841812978663,0.0005122948998531274,11643629726484600332,train,-3.2904799677166108,-3.2962594,0.005779435512148989,-3.292917251586914
-0.4,1.0071535471770136e-09,2369.635821802133,538.5091665951578,40.65637295368661,296.23853018587084,0.0004809717562399413,6305389621858259219,train,-3.317880425641307,-3.3098981,0.007982287595042159,-3.3138954639434814
-0.6000000000000001,9.634928280602635e-10,2455.009212271192,512.2369330710814,40.30940301281442,306.6726054586492,0.0004775143197388569,9415233787243991652,train,-3.321013600226163,-3.3191996,0.001814038153409303,-3.3208539485931396
-0.2,1.243555870393131e-09,2440.816535503744,483.6779599156501,38.81204244575611,302.5323056028984,0.00045427504249337565,4261926717090881150,train,-3.3426811223206236,-3.3409488,0.0017323022064879012,-3.3401427268981934
-1.8,8.75983736068783e-10,2627.978517028968,489.37942559949954,40.91913452211564,297.20307373531364,0.0005043760846260228,5144607327742428380,train,-3.297245514012486,-3.2923417,0.004903804875523221,-3.294100761413574
-0.8,1.25959298622376e-09,2354.3009197629594,499.1918367180637,40.77134716523017,305.22981462209646,0.000491629200783426,128968913270984251,train,-3.3083623296861537,-3.3048358,0.0035265333299525636,-3.3083512783050537
-0.2,1.0044736023004086e-09,2276.4853940628345,486.8441992232576,38.23677890677304,298.10055132439214,0.00046224103017584604,15363031408316951214,train,-3.335131507606172,-3.3284473,0.006684165687226518,-3.3341355323791504
-0.6000000000000001,1.0191682032973931e-09,2560.240612715575,475.6482256289376,41.11142736058992,291.8506686301862,0.0004753418440034586,14547390297170085011,train,-3.3229939533889823,-3.3107388,0.012255151432805533,-3.3178904056549072
-1.8,9.42387899986183e-10,2596.3418775504824,506.9916211367261,42.54178389838287,305.55199671356803,0.000506592964813529,3392607520233113049,train,-3.2953408456624835,-3.2989774,0.003636529368034047,-3.297783374786377
-1.6,8.75983736068783e-10,2627.978517028968,489.37942559949954,40.91913452211564,297.20307373531364,0.0005004278841394163,5144607327742428380,train,-3.3006584991574974,-3.2952754,0.00538304940468981,-3.2961080074310303
-0.8,9.63679966987411e-10,2457.046368424285,519.0454313677445,40.52844947169319,303.263443359763,0.0004900885423669908,17951410366048416543,train,-3.3097254506090947,-3.309564,0.00016133699215137298,-3.307518243789673
-2.8000000000000003,9.725086180844783e-10,2468.017331565751,490.28733545372194,44.50977871149023,303.263152322465,0.0005348992614278208,3744802582600429992,train,-3.2717280017648136,-3.2789261,0.007198132344683472,-3.2724227905273438
-0.2,9.596807973870107e-10,2396.380469719385,547.2442070596833,39.34847113068841,298.5552181462747,0.0004616486583267606,16164245777420927440,train,-3.335688422276285,-3.3233283,0.01236016566922915,-3.3268511295318604
-0.4,9.89297888860932e-10,2413.8801533334354,510.75595836241,38.53132745549709,285.1813868750008,0.00047178307054139155,6508029577517650568,train,-3.326257647389317,-3.320343,0.0059146298111918405,-3.3254568576812744
-2.2,9.756514716409811e-10,2404.497548871577,500.9208966540563,41.62971960161597,300.52976098251094,0.0005271148450829551,7311808897764695838,train,-3.2780947526205106,-3.285553,0.0074582258951143565,-3.2818565368652344
-3.0,1.000096056099185e-09,2446.239819629679,503.61049666576776,43.101977222602514,303.9832024614659,0.0005383057507300656,13944279034983237670,train,-3.2689709805837293,-3.275053,0.00608204370826293,-3.271575927734375
-0.4,1.006299553709699e-09,2596.53014928976,491.578961058072,40.01001805266426,305.28831051478386,0.0004596293580640968,6325844468188908084,train,-3.33759223925696,-3.337035,0.0005572985373554218,-3.3328821659088135
-3.0,9.979877857013674e-10,2496.537246315292,510.00187244466247,38.795972505421744,297.7961123434831,0.0005199626003884064,1378160361063041439,train,-3.284027892959558,-3.2816355,0.002392370117150655,-3.283663511276245
-3.0,9.304065850268983e-10,2472.4930947482308,495.539662311,41.9345213676303,296.5403011366731,0.0005316418510415371,1906069974405082520,train,-3.2743808385626676,-3.2691166,0.005264198471725212,-3.2763285636901855
0.0,8.599648780937921e-10,2637.8899539670565,501.9551856304757,39.90381821426863,300.9815905741297,0.0004314238624252,14435728251762431223,train,-3.365095837367498,-3.361311,0.0037848785051934897,-3.360649585723877
-1.4,9.920951194363948e-10,2484.0228854962547,482.5603784265586,38.422268984819695,304.0303353891022,0.0004940420014875383,2314355766595058403,train,-3.306236127515911,-3.3035858,0.0026503597699392145,-3.300089120864868
-2.2,9.926993823896762e-10,2332.1716999604114,489.929360905385,39.90607827400121,296.137708789732,0.0005124080759351874,8562678507013604755,train,-3.2903840340669905,-3.281911,0.008473137765721006,-3.284965991973877
-2.0,9.58904338765352e-10,2486.667922677388,495.3304947031063,40.43386356777175,305.1954997344612,0.0005209949483595916,13052852389533457310,train,-3.2831664876605333,-3.2943225,0.011156003031605355,-3.290731430053711
-0.2,9.725086180844783e-10,2468.017331565751,490.28733545372194,44.50977871149023,303.263152322465,0.00046632139706911984,3744802582600429992,train,-3.331314656568135,-3.3258927,0.005421969724262787,-3.332458972930908
-2.6,1.243555870393131e-09,2440.816535503744,483.6779599156501,38.81204244575611,302.5323056028984,0.0005172774570942791,4261926717090881150,train,-3.2862764476935404,-3.284631,0.001645433823301179,-3.283257007598877
-2.6,1.0073410050818803e-09,2574.374612551252,485.6872921198837,42.17824256593523,298.72995545788456,0.000524731089108063,9029148243980292461,train,-3.2800632040919315,-3.2778046,0.0022585909785282077,-3.277617931365967
-0.6000000000000001,1.1395831540373824e-09,2538.761869465952,510.72502895181066,40.87821813200619,300.974125232131,0.00047814385984867755,3684234868495982631,train,-3.320441416905348,-3.3201113,0.0003301421861099385,-3.3180716037750244
-2.4000000000000004,1.013177684158949e-09,2549.0982526102403,506.5025106580401,39.7132385315927,304.62183232922587,0.0005196760124785655,14934561482547682078,train,-3.284267329143317,-3.2870448,0.002777434421746605,-3.289825916290283
-1.6,9.664729913030388e-10,2627.7330466636663,506.9906344590098,40.06029068650691,301.1540677406581,0.0004963025546976527,8813459275462154891,train,-3.304253489283358,-3.2983346,0.005918890742098171,-3.2994608879089355
-1.2000000000000002,1.243555870393131e-09,2440.816535503744,483.6779599156501,38.81204244575611,302.5323056028984,0.0004921838378471439,4261926717090881150,train,-3.3078726516024273,-3.305673,0.002199767615000514,-3.304882287979126
-0.2,1.104689398918354e-09,2572.8324404304963,485.2307246352714,40.714467773434976,300.93677074401546,0.00045775484520523837,9216328605101287225,train,-3.339367050117992,-3.3409705,0.0016034660868418094,-3.336479425430298
-2.8000000000000003,1.0728366895058958e-09,2396.471193900285,522.5703607996403,39.66536493364173,302.3426017448898,0.0005294589674063896,10539271283961051071,train,-3.276167691683958,-3.2809763,0.0048086037872332454,-3.2766313552856445
-0.4,1.0191682032973931e-09,2560.240612715575,475.6482256289376,41.11142736058992,291.8506686301862,0.0004665885544556016,14547390297170085011,train,-3.331065918773601,-3.3183014,0.0127644794883226,-3.324951648712158
-3.0,1.018423641836786e-09,2420.2103352289205,495.3862399264609,39.18777263938059,307.5354074756815,0.0005183380166812271,9985116505034206452,train,-3.285386937351099,-3.2838042,0.0015827591131838403,-3.281843900680542
-2.6,8.4981307882089e-10,2622.111610500832,493.1418777793542,40.32755095458103,299.70047987606006,0.0005218570989779139,5127878088967066821,train,-3.282448404319054,-3.2801595,0.002288930899864372,-3.2858195304870605
-2.6,9.682475573035431e-10,2330.6047518253104,479.0686974559265,41.64371883461047,301.63426669668445,0.0005329753905705796,13640118791446356878,train,-3.2732928434802613,-3.279982,0.006689246516076608,-3.27581524848938
-1.2000000000000002,1.0663734802785015e-09,2646.766281337793,486.2018595083384,41.79339850063371,299.641349014439,0.0005028115963831254,5637171177688138856,train,-3.2985947147030146,-3.3031514,0.0045566543918340585,-3.2998526096343994
-2.0,1.0849323731926979e-09,2551.147301026894,487.27717818808753,44.82712146868644,302.5978918999191,0.0005201877752256005,17938021924088880075,train,-3.283839858242507,-3.2953422,0.011502348712449262,-3.287372589111328
-1.2000000000000002,9.63679966987411e-10,2457.046368424285,519.0454313677445,40.52844947169319,303.263443359763,0.0005020160862626537,17951410366048416543,train,-3.2992823663944755,-3.2997105,0.00042814576677940863,-3.297670602798462
-0.4,1.104689398918354e-09,2572.8324404304963,485.2307246352714,40.714467773434976,300.93677074401546,0.0004687988835833336,9216328605101287225,train,-3.3290134312352198,-3.3312151,0.002201711968515596,-3.325310230255127
0.0,8.979123523428992e-10,2531.360993910196,491.918494232159,35.793021097389925,308.86985058095934,0.0004407821655303,579736006479800074,train,-3.3557759857725817,-3.358391,0.002615060751466114,-3.358025312423706
-2.2,1.018423641836786e-09,2420.2103352289205,495.3862399264609,39.18777263938059,307.5354074756815,0.000508168680175388,9985116505034206452,train,-3.2939921052166996,-3.2928832,0.0011089474865970672,-3.2899277210235596
-2.8000000000000003,8.584521018906483e-10,2718.2749419682723,482.1832227724541,38.88005077046229,301.691940704981,0.0005144574362269034,3494250555080783753,train,-3.2886505508849364,-3.2787094,0.009941139263842658,-3.289632558822632
-2.0,1.0455070732925304e-09,2552.705145034877,518.1497095238773,37.60227540602951,298.4772867617408,0.0004996028840505714,13753303497944442308,train,-3.301375063244993,-3.2945743,0.006800802533323047,-3.296192169189453
-3.0,8.584521018906483e-10,2718.2749419682723,482.1832227724541,38.88005077046229,301.691940704981,0.0005169006868492793,3494250555080783753,train,-3.2865928907484365,-3.2773037,0.009289195069725587,-3.2865638732910156
-2.6,9.118663996020179e-10,2651.95019435956,481.7408591707263,38.899871401178025,300.40158819211445,0.0005114798201031192,17319768135093042826,train,-3.2911714962445795,-3.2819948,0.009176676603466216,-3.2892398834228516
-3.0,1.032683367538443e-09,2526.170348943833,478.8149532207128,42.09307571557734,293.4443281911712,0.0005340946922488798,12981595077382156139,train,-3.2723817379613567,-3.266808,0.0055737049718547205,-3.270343780517578
-0.6000000000000001,1.032683367538443e-09,2526.170348943833,478.8149532207128,42.09307571557734,293.4443281911712,0.00048412214022009896,12981595077382156139,train,-3.315045055438959,-3.3078477,0.00719731717296801,-3.3112945556640625
-0.4,9.123213222215395e-10,2625.69228411366,506.617977618184,38.92442853409919,306.1252360546967,0.0004540489055789554,2928394120619732261,train,-3.3428973667922683,-3.338657,0.004240464479035921,-3.339853525161743
-2.6,9.74908016407874e-10,2433.9347159425315,536.1873069142775,40.58953669016749,293.2225739384997,0.0005369343702952643,18393380424088899902,train,-3.2700787950462322,-3.2776668,0.007588012128450394,-3.269408941268921
-1.0,1.0705485436227222e-09,2590.7468930890127,531.0534862964538,41.61731424149927,306.85396396460635,0.000497504039947206,4155552024635161694,train,-3.3032033882455822,-3.3075664,0.004363016097069128,-3.3072316646575928
-1.6,1.0574423663675307e-09,2585.038533860248,471.3266920396063,42.543125490608695,301.3994726877767,0.0005045730040857177,2832837163574657009,train,-3.2970759890349277,-3.2984138,0.0013377644745937722,-3.297943592071533
-2.4000000000000004,1.1774606839117e-09,2487.5677489208106,509.6158544320055,42.33569419095241,299.8381908200232,0.0005203002945887258,14988660033747214345,train,-3.283745928210783,-3.2827697,0.0009762481875896789,-3.2813587188720703
-0.4,8.220747042076196e-10,2489.354974528123,536.8974000619587,36.589080383233394,294.68809277779184,0.0004550892663107704,13344013943894260190,train,-3.341903407598367,-3.3387282,0.003175218129983115,-3.3335559368133545
-1.4,1.0806933086411387e-09,2604.781653428076,466.5836923998952,39.33731057072893,297.69705044733973,0.0005023511147047093,3371631208540637995,train,-3.2989926297146597,-3.2996101,0.0006175082247934505,-3.301583766937256
-2.6,1.0574423663675307e-09,2585.038533860248,471.3266920396063,42.543125490608695,301.3994726877767,0.0005212790491251633,2832837163574657009,train,-3.2829297295755273,-3.2798977,0.0030320397561913737,-3.2835776805877686
-3.0,9.634928280602635e-10,2455.009212271192,512.2369330710814,40.30940301281442,306.6726054586492,0.0005274008864094216,9415233787243991652,train,-3.2778591446176755,-3.280228,0.002368754933716133,-3.2803733348846436
-1.0,1.075576112436465e-09,2439.1914792405805,507.5653121861305,41.43318212059344,299.0815860986159,0.0004910710459927011,8793357247245534573,train,-3.3088556715216146,-3.299851,0.009004730817268936,-3.304201602935791
-0.8,8.241763212999094e-10,2472.357675267654,473.84577322091,39.21856251436128,307.7679942040925,0.0004762397085287349,14456930291123660273,train,-3.3221743962559014,-3.322565,0.0003906824794501773,-3.321563482284546
-1.0,8.89459518994858e-10,2383.601346469497,502.4892009812192,38.55163090195673,309.2198732722366,0.0004875040212646889,3483175946691254694,train,-3.3120217975944457,-3.306995,0.005026882585900783,-3.3115763664245605
-0.2,9.63679966987411e-10,2457.046368424285,519.0454313677445,40.52844947169319,303.263443359763,0.0004625244335292121,17951410366048416543,train,-3.3348653200781913,-3.330854,0.004011381021794769,-3.333080530166626
-1.6,9.756514716409811e-10,2404.497548871577,500.9208966540563,41.62971960161597,300.52976098251094,0.0005162854019947126,7311808897764695838,train,-3.2871101544855525,-3.2916548,0.00454467072501874,-3.289155960083008
-1.0,9.85546704036472e-10,2573.0239327697072,479.3922741661716,39.9154735600532,295.8292447353602,0.00048318215173024124,12112510911978131146,train,-3.315889116498329,-3.3061576,0.009731527539588836,-3.307645082473755
-2.8000000000000003,1.0060692139373963e-09,2527.3807724384133,522.7157534573084,43.167246359099664,298.50956140834,0.0005390725111627964,1367897570274288222,train,-3.2683528135148787,-3.2736228,0.0052699377210831955,-3.266411304473877
-1.4,1.0941860864671191e-09,2539.112215454232,503.69324532533454,39.339075937042885,294.39428351617613,0.0005043742179325362,12823118457006761398,train,-3.297247121337269,-3.298131,0.0008838677374378712,-3.2970876693725586
0.0,1.0191682032973931e-09,2560.240612715575,475.6482256289376,41.11142736058992,291.8506686301862,0.000441526505938,14547390297170085011,train,-3.355043219522255,-3.3498147,0.005228566125648371,-3.3509979248046875
-0.2,1.1942019403763875e-09,2464.50260258804,490.2741317287723,40.32854625878799,294.3650499716886,0.0004645392880543702,11892504857466714026,train,-3.332977549993978,-3.3300555,0.0029220747589926432,-3.334127426147461
-3.0,9.603042271636284e-10,2438.0715583385486,503.6957420101608,43.08491203323523,298.5763734449834,0.0005396446261419705,2124884718484563516,train,-3.2678921433481154,-3.2687092,0.0008170393911424156,-3.2675135135650635
-1.0,1.0147448677929011e-09,2607.8117384734032,505.1107398178068,40.31257836583995,298.21936914217434,0.0004913797229803732,833253205382390921,train,-3.3085827688559926,-3.3080955,0.0004873136863148275,-3.307304859161377
-0.4,9.920951194363948e-10,2484.0228854962547,482.5603784265586,38.422268984819695,304.0303353891022,0.0004614042553193167,2314355766595058403,train,-3.3359184044981154,-3.337534,0.0016155463075486765,-3.32951283454895
0.0,9.89297888860932e-10,2413.8801533334354,510.75595836241,38.53132745549709,285.1813868750008,0.0004475996737192,6508029577517650568,train,-3.349110238725463,-3.3422062,0.006903999025145602,-3.3486123085021973
-1.6,1.104689398918354e-09,2572.8324404304963,485.2307246352714,40.714467773434976,300.93677074401546,0.0005066980159577796,9216328605101287225,train,-3.2952507962427315,-3.2977312,0.002480364874822172,-3.2953193187713623
0.0,8.622252758820395e-10,2596.9228583838576,499.2028055441836,37.99663516660689,298.18972265332246,0.0004358747172135,7681735671422946543,train,-3.360638321377152,-3.3588881,0.0017501721156771843,-3.358661651611328
-2.8000000000000003,8.622252758820395e-10,2596.9228583838576,499.2028055441836,37.99663516660689,298.18972265332246,0.0005177023304259838,7681735671422946543,train,-3.285919880046409,-3.2850552,0.0008647195239479544,-3.2897965908050537
-2.2,1.1942019403763875e-09,2464.50260258804,490.2741317287723,40.32854625878799,294.3650499716886,0.000522052302264369,11892504857466714026,train,-3.2822859846473005,-3.2828782,0.0005921758293840895,-3.2842936515808105
-0.6000000000000001,8.220747042076196e-10,2489.354974528123,536.8974000619587,36.589080383233394,294.68809277779184,0.0004636668145843427,13344013943894260190,train,-3.3337939861801966,-3.3315325,0.002261507847677091,-3.325122356414795
-2.6,9.136850961862703e-10,2400.1705034771794,499.3175315176618,39.85562670167986,300.93280864091923,0.0005176366290223024,689847661215077168,train,-3.285974999689788,-3.2817807,0.004194279932707712,-3.285151720046997
-1.4,9.664729913030388e-10,2627.7330466636663,506.9906344590098,40.06029068650691,301.1540677406581,0.0004918771813782896,8813459275462154891,train,-3.3081433242822156,-3.3016477,0.006495661165760502,-3.302654266357422
-3.0,1.1774606839117e-09,2487.5677489208106,509.6158544320055,42.33569419095241,299.8381908200232,0.0005279586359569588,14988660033747214345,train,-3.2774001018588854,-3.2714102,0.005989875036986003,-3.2743923664093018
-2.6,1.120623623770265e-09,2459.871490367434,512.0011452017391,38.21649432972869,303.56534322943094,0.0005185505771998913,2671493380122846465,train,-3.2852088779874133,-3.2864988,0.0012899070315075534,-3.2875330448150635
-0.4,1.075576112436465e-09,2439.1914792405805,507.5653121861305,41.43318212059344,299.0815860986159,0.00046879529424364734,8793357247245534573,train,-3.3290167564060797,-3.3188527,0.010164093365918614,-3.3233113288879395
-0.2,9.634928280602635e-10,2455.009212271192,512.2369330710814,40.30940301281442,306.6726054586492,0.0004574891302793776,9415233787243991652,train,-3.3396192201019392,-3.3327124,0.00690680822144607,-3.340571165084839
-0.6000000000000001,1.25959298622376e-09,2354.3009197629594,499.1918367180637,40.77134716523017,305.22981462209646,0.00048431775515277994,128968913270984251,train,-3.31486960936863,-3.3116667,0.0032028823025900266,-3.314560651779175
-0.6000000000000001,1.104689398918354e-09,2572.8324404304963,485.2307246352714,40.714467773434976,300.93677074401546,0.0004777763276575978,9216328605101287225,train,-3.3207753720042343,-3.3231206,0.002345222020423865,-3.3177781105041504
-2.2,9.920951194363948e-10,2484.0228854962547,482.5603784265586,38.422268984819695,304.0303353891022,0.000508913718808566,2314355766595058403,train,-3.2933558416742534,-3.291073,0.0022827577966899604,-3.2906692028045654
-2.0,9.304065850268983e-10,2472.4930947482308,495.539662311,41.9345213676303,296.5403011366731,0.0005178494854305506,1906069974405082520,train,-3.285796450960738,-3.285739,5.75059534138056e-05,-3.2898313999176025
-2.8000000000000003,1.0705485436227222e-09,2590.7468930890127,531.0534862964538,41.61731424149927,306.85396396460635,0.0005328348906050308,4155552024635161694,train,-3.2734073448341636,-3.2804508,0.007043476088687939,-3.2795636653900146
-1.8,1.0040157435828723e-09,2421.1156291426087,502.3421578152334,38.33334239027114,293.10089722857373,0.0005143626504115989,12886194249589357920,train,-3.288730574510448,-3.2916949,0.002964305021412539,-3.2919392585754395
-0.6000000000000001,1.0574423663675307e-09,2585.038533860248,471.3266920396063,42.543125490608695,301.3994726877767,0.00047574647074867613,2832837163574657009,train,-3.322624424775173,-3.3200781,0.0025462902384298935,-3.320920944213867
-0.2,9.304065850268983e-10,2472.4930947482308,495.539662311,41.9345213676303,296.5403011366731,0.0004623966774402318,1906069974405082520,train,-3.334985295207245,-3.3274684,0.007516899974090663,-3.3355839252471924
-2.2,1.0040157435828723e-09,2421.1156291426087,502.3421578152334,38.33334239027114,293.10089722857373,0.00052090409143631,12886194249589357920,train,-3.283242231391964,-3.2874832,0.004240983940067444,-3.2863357067108154
-0.4,1.0933784852654091e-09,2410.884334287086,539.0569290920441,39.62193192256099,289.3285700165644,0.0004746937210083415,16519722322841066187,train,-3.323586512856033,-3.316474,0.00711255197956806,-3.315385341644287
-0.2,1.0050965165320695e-09,2414.3235243349927,515.5034020410067,40.79653471954481,301.4383600393062,0.0004630743689209869,18237334030368139870,train,-3.3343492564585713,-3.3264828,0.007866483631422838,-3.331209182739258
-2.2,1.075576112436465e-09,2439.1914792405805,507.5653121861305,41.43318212059344,299.0815860986159,0.0005161805156995049,8793357247245534573,train,-3.2871983928256507,-3.284947,0.002251474338101911,-3.284637928009033
-2.6,9.596807973870107e-10,2396.380469719385,547.2442070596833,39.34847113068841,298.5552181462747,0.0005250271333693202,16164245777420927440,train,-3.279818251702479,-3.2821257,0.0023074597385610573,-3.2777669429779053
-0.2,9.89963136259949e-10,2542.7024133885266,503.0087467521194,39.0211226249472,305.0510216058231,0.0004479375924295399,380264510751012186,train,-3.3487824885720188,-3.3439105,0.004872032868283416,-3.340426206588745
-0.2,9.244750759855351e-10,2606.766252024905,514.7015322051607,39.36697999872778,300.425811364213,0.0004543141919043611,13867644369009061341,train,-3.342643696446472,-3.3423588,0.0002848688555294743,-3.34667706489563
-0.4,1.0663734802785015e-09,2646.766281337793,486.2018595083384,41.79339850063371,299.641349014439,0.0004738192789703808,5637171177688138856,train,-3.324387272485956,-3.3284864,0.004099170079962189,-3.323392629623413
-1.6,1.0803651442869379e-09,2531.060987167743,511.9316238370674,40.66002705988115,288.1838349540611,0.000517074929819138,17485459239320075305,train,-3.2864465183198868,-3.2896874,0.0032408767759384283,-3.2882330417633057
-2.8000000000000003,1.1459805246638944e-09,2630.825732937456,497.4739907663986,41.26661222078493,300.2753689300697,0.000517094073480694,12849312948239067464,train,-3.2864304397359194,-3.275903,0.01052745320943016,-3.2807037830352783
-0.4,1.0044736023004086e-09,2276.4853940628345,486.8441992232576,38.23677890677304,298.10055132439214,0.00047269261240305945,15363031408316951214,train,-3.3254211851260203,-3.3230689,0.0023523279330270874,-3.323307752609253
-1.6,9.344027379399094e-10,2510.734791451186,511.4018674256231,36.36815079533651,301.4558439858307,0.0004857253104203228,13370015301709921327,train,-3.313609265500645,-3.3020082,0.01160111349258841,-3.309803009033203
-0.4,8.4981307882089e-10,2622.111610500832,493.1418777793542,40.32755095458103,299.70047987606006,0.0004668089568383954,5127878088967066821,train,-3.3308608195757428,-3.3317027,0.0008418896222552874,-3.3300061225891113
-1.8,1.1396379394271226e-09,2408.4924726992253,490.0725825278824,43.06550150160359,292.35304316269765,0.0005250101933138941,10954724855113224492,train,-3.27983226448547,-3.279758,7.428795348740636e-05,-3.2804338932037354
-1.4,1.0728366895058958e-09,2396.471193900285,522.5703607996403,39.66536493364173,302.3426017448898,0.0005067779376237493,10539271283961051071,train,-3.2951823002148495,-3.2946026,0.0005796676922664723,-3.295027017593384
-0.8,1.0941860864671191e-09,2539.112215454232,503.69324532533454,39.339075937042885,294.39428351617613,0.00048785729814187167,12823118457006761398,train,-3.311707193760972,-3.312946,0.0012388874005271333,-3.3106744289398193
-0.8,1.1201765668553064e-09,2329.913862262383,487.444276821995,41.61971486534147,298.1037724082114,0.0004997975991225025,10813817281839957845,train,-3.3012058344247612,-3.2985866,0.0026192274453911146,-3.3012642860412598
-1.4,1.1396379394271226e-09,2408.4924726992253,490.0725825278824,43.06550150160359,292.35304316269765,0.0005167829776345754,10954724855113224492,train,-3.2866918000461114,-3.2825472,0.0041445645572197876,-3.2852768898010254
-1.0,8.599648780937921e-10,2637.8899539670565,501.9551856304757,39.90381821426863,300.9815905741297,0.00047999076617564286,14435728251762431223,train,-3.3187671172859505,-3.310993,0.007774161124451506,-3.3154499530792236
0.0,8.89459518994858e-10,2383.601346469497,502.4892009812192,38.55163090195673,309.2198732722366,0.0004391055663899,3483175946691254694,train,-3.3574310574592765,-3.3404517,0.016979340082567518,-3.3547353744506836
-2.8000000000000003,9.304065850268983e-10,2472.4930947482308,495.539662311,41.9345213676303,296.5403011366731,0.0005292844593796666,1906069974405082520,train,-3.276310857387419,-3.272185,0.004125770183439403,-3.278567314147949
-2.4000000000000004,1.0352580576007263e-09,2678.9547588546675,473.131828680381,34.826156523967086,290.8089263982084,0.0004984560254872238,603198139025932464,train,-3.302373149750801,-3.3149257,0.012552520872978423,-3.2976796627044678
-2.4000000000000004,9.118663996020179e-10,2651.95019435956,481.7408591707263,38.899871401178025,300.40158819211445,0.0005087052151377097,17319768135093042826,train,-3.29353381005113,-3.2848868,0.008646973045514983,-3.291844129562378
-3.0,1.0375673846448864e-09,2379.4103992541063,496.85223216497695,39.047727684139495,305.18782525816323,0.0005234979486923941,3141391476646313355,train,-3.281085015748882,-3.283188,0.002103088880634818,-3.2798900604248047
-1.4,8.622252758820395e-10,2596.9228583838576,499.2028055441836,37.99663516660689,298.18972265332246,0.0004944584527080256,7681735671422946543,train,-3.3058701944969178,-3.302772,0.003098149361419722,-3.3054862022399902
-1.0,1.25959298622376e-09,2354.3009197629594,499.1918367180637,40.77134716523017,305.22981462209646,0.0004978472107999223,128968913270984251,train,-3.3029039216733986,-3.2994509,0.003453047344785354,-3.302710771560669
-1.8,1.0789603531824067e-09,2367.1936347140645,478.9001778930339,37.12870103512795,297.3410066095633,0.0005122148542740105,4747465828158748725,train,-3.2905478311083294,-3.294766,0.0042181181409381985,-3.2933743000030518
-1.4,1.0942344693420075e-09,2360.838758300681,491.3731844386217,39.51420947268076,305.7035776891924,0.0005076089547089653,3134241803077969267,train,-3.2944707251384284,-3.2985969,0.00412613383984306,-3.296579122543335
-1.8,9.85546704036472e-10,2573.0239327697072,479.3922741661716,39.9154735600532,295.8292447353602,0.000501397601066288,12112510911978131146,train,-3.299817748252086,-3.2915492,0.008268542472056772,-3.295767068862915
-2.8000000000000003,9.123213222215395e-10,2625.69228411366,506.617977618184,38.92442853409919,306.1252360546967,0.0005109896291629911,2928394120619732261,train,-3.291587914039438,-3.2806542,0.010933722068612983,-3.2907066345214844
-1.6,1.1762312017058683e-09,2610.23254556298,515.3751788116352,39.24041391228537,297.93305834844136,0.0005007850246813499,7155552337602576564,train,-3.300348666609719,-3.2979634,0.0023852857961204066,-3.2975306510925293
-3.0,9.980121445569454e-10,2387.75545073954,508.7275610680178,38.8972081784186,297.8606493603604,0.000521588826208088,11032972375804727196,train,-3.2826717208960514,-3.2806668,0.002004892740533837,-3.280792236328125
-1.2000000000000002,1.006299553709699e-09,2596.53014928976,491.578961058072,40.01001805266426,305.28831051478386,0.00048781164665252476,6325844468188908084,train,-3.3117478349846867,-3.308328,0.0034199217003849647,-3.307020664215088
-1.8,9.926993823896762e-10,2332.1716999604114,489.929360905385,39.90607827400121,296.137708789732,0.0005059956497599781,8562678507013604755,train,-3.2958532169415404,-3.2863412,0.009512026603405666,-3.2896854877471924
-0.8,1.032683367538443e-09,2526.170348943833,478.8149532207128,42.09307571557734,293.4443281911712,0.0004915821645344692,12981595077382156139,train,-3.308403882467392,-3.3014748,0.006929072820785365,-3.3049709796905518
-2.2,1.0147448677929011e-09,2607.8117384734032,505.1107398178068,40.31257836583995,298.21936914217434,0.0005170864407456913,833253205382390921,train,-3.2864368503279735,-3.2871997,0.0007628853135059899,-3.2888572216033936
-2.4000000000000004,1.0060692139373963e-09,2527.3807724384133,522.7157534573084,43.167246359099664,298.50956140834,0.0005336925309617327,1367897570274288222,train,-3.272708875114349,-3.2818007,0.00909187180337545,-3.271371364593506
-1.0,1.0071535471770136e-09,2369.635821802133,538.5091665951578,40.65637295368661,296.23853018587084,0.0005032757949741844,6305389621858259219,train,-3.2981939564733787,-3.2922606,0.0059333096533102925,-3.295306921005249
-0.2,9.344027379399094e-10,2510.734791451186,511.4018674256231,36.36815079533651,301.4558439858307,0.00043950096057536524,13370015301709921327,train,-3.357040171393111,-3.3465986,0.01044154621000537,-3.352060556411743
-3.0,9.926993823896762e-10,2332.1716999604114,489.929360905385,39.90607827400121,296.137708789732,0.0005225674701799435,8562678507013604755,train,-3.2818576285946435,-3.2740366,0.007820982705361246,-3.2754335403442383
-0.6000000000000001,9.603042271636284e-10,2438.0715583385486,503.6957420101608,43.08491203323523,298.5763734449834,0.0004891914347519518,2124884718484563516,train,-3.3105211556270207,-3.3049026,0.005618602068671041,-3.3077173233032227
-0.6000000000000001,1.013177684158949e-09,2549.0982526102403,506.5025106580401,39.7132385315927,304.62183232922587,0.00047683357395844454,14934561482547682078,train,-3.3216331734197686,-3.3264081,0.004774974392121045,-3.3231563568115234
-0.2,9.525981103063824e-10,2521.0178569100235,513.1122387074643,39.33447860201831,299.4635962010897,0.0004584493453787003,2217437892012799629,train,-3.338708643064446,-3.3386261,8.249674791782624e-05,-3.338167667388916
-2.0,9.612679185080118e-10,2493.7557151613,504.62150372842615,37.39117268896573,297.8667082132286,0.0004998605457899838,433422742429117681,train,-3.3011511409467627,-3.294207,0.0069440448469091365,-3.2964162826538086
-0.2,1.0352580576007263e-09,2678.9547588546675,473.131828680381,34.826156523967086,290.8089263982084,0.00043898968623471037,603198139025932464,train,-3.3575456830926633,-3.3571706,0.00037510127503637136,-3.349935531616211
-2.0,1.1396379394271226e-09,2408.4924726992253,490.0725825278824,43.06550150160359,292.35304316269765,0.0005285281668704902,10954724855113224492,train,-3.2769318628684543,-3.27777,0.0008381795509793122,-3.2777137756347656
-1.8,1.0663734802785015e-09,2646.766281337793,486.2018595083384,41.79339850063371,299.641349014439,0.0005162252650077991,5637171177688138856,train,-3.2871607441064428,-3.2940514,0.0068906646612574285,-3.292034387588501
-2.4000000000000004,1.1201765668553064e-09,2329.913862262383,487.444276821995,41.61971486534147,298.1037724082114,0.0005341186932591747,10813817281839957845,train,-3.2723622221858113,-3.2785745,0.006212244519510968,-3.274540424346924
-2.4000000000000004,9.50582857470194e-10,2403.738957653681,492.6388454667692,37.10727035463277,300.4554170460457,0.0005189395953020904,9184494546452176042,train,-3.2848831911953043,-3.290444,0.0055607060520102,-3.2894225120544434
-2.6,1.0203477325736783e-09,2420.870896846657,485.827773341465,41.83782044136868,301.83723728961854,0.0005359275618290172,4106527973129540887,train,-3.2708939073668173,-3.2807877,0.009893799008304782,-3.276811361312866
-2.2,1.0671658198705112e-09,2444.626831258547,492.08006432381046,41.193035529790656,301.7038514591378,0.0005127118967077849,10743645008157788724,train,-3.290126605292971,-3.287928,0.002198500892336419,-3.2860214710235596
-3.0,1.0044736023004086e-09,2276.4853940628345,486.8441992232576,38.23677890677304,298.10055132439214,0.0005282623922543042,15363031408316951214,train,-3.277150306250024,-3.282707,0.005556669686865856,-3.2785513401031494
-2.8000000000000003,1.0050965165320695e-09,2414.3235243349927,515.5034020410067,40.79653471954481,301.4383600393062,0.0005303012228522851,18237334030368139870,train,-3.2754773714154988,-3.2780871,0.002609767714139899,-3.2748892307281494
-1.8,9.123213222215395e-10,2625.69228411366,506.617977618184,38.92442853409919,306.1252360546967,0.0004958376707769264,2928394120619732261,train,-3.304660481220765,-3.2968001,0.007860344654603058,-3.304835319519043
-0.2,1.0671658198705112e-09,2444.626831258547,492.08006432381046,41.193035529790656,301.7038514591378,0.00045460584398358415,10743645008157788724,train,-3.3423649856952764,-3.333154,0.009211022606287145,-3.334435224533081
-1.2000000000000002,1.0732744646319759e-09,2458.1779927472685,500.451348042105,41.29986197643443,296.3385514465405,0.0004973369556114204,15854623793106210877,train,-3.303349268453677,-3.2955575,0.007791769521792169,-3.299088716506958
-2.0,1.0942344693420075e-09,2360.838758300681,491.3731844386217,39.51420947268076,305.7035776891924,0.000519189733093378,3134241803077969267,train,-3.284673904237307,-3.293195,0.008521104994260398,-3.2895562648773193
-1.8,1.006299553709699e-09,2596.53014928976,491.578961058072,40.01001805266426,305.28831051478386,0.0005010823033917012,6325844468188908084,train,-3.3000909348648775,-3.2976155,0.0024754067581880257,-3.300016164779663
-2.2,8.241763212999094e-10,2472.357675267654,473.84577322091,39.21856251436128,307.7679942040925,0.0005078714997668915,14456930291123660273,train,-3.2942461577980207,-3.2937958,0.0004503337471173374,-3.2971994876861572
-2.4000000000000004,9.244750759855351e-10,2606.766252024905,514.7015322051607,39.36697999872778,300.425811364213,0.000517187243724049,13867644369009061341,train,-3.2863521954091524,-3.2856426,0.0007095715077851672,-3.2925190925598145
-2.8000000000000003,1.0352580576007263e-09,2678.9547588546675,473.131828680381,34.826156523967086,290.8089263982084,0.0005036122034754973,603198139025932464,train,-3.2979037546605716,-3.320399,0.02249529128364225,-3.293320894241333
-0.4,9.60969170700449e-10,2766.6918918406623,529.8468751484584,39.61181207182135,297.3307652107198,0.00046188472905574955,6563696386679920944,train,-3.3354663962649407,-3.3347676,0.0006988162325920477,-3.328927516937256
-2.4000000000000004,1.0308127820747194e-09,2437.7200106987866,482.5972990901911,40.648465379108416,299.4728047413536,0.0005307935217791979,18026431441542812131,train,-3.2750743862460263,-3.282621,0.00754652058380767,-3.2788360118865967
-2.6,9.603042271636284e-10,2438.0715583385486,503.6957420101608,43.08491203323523,298.5763734449834,0.0005347585603761436,2124884718484563516,train,-3.271842254546307,-3.2765284,0.004686103913165596,-3.272066593170166
-1.6,1.006299553709699e-09,2596.53014928976,491.578961058072,40.01001805266426,305.28831051478386,0.0004971316784816093,6325844468188908084,train,-3.303528561641914,-3.3008473,0.0026812696955027526,-3.3020741939544678
-2.0,1.032683367538443e-09,2526.170348943833,478.8149532207128,42.09307571557734,293.4443281911712,0.000520295316503331,12981595077382156139,train,-3.283750083436875,-3.283289,0.00046112774839857096,-3.284262180328369
-0.6000000000000001,1.0728366895058958e-09,2396.471193900285,522.5703607996403,39.66536493364173,302.3426017448898,0.0004830543260160853,10539271283961051071,train,-3.3160040241920576,-3.3145444,0.0014595848762617436,-3.314777374267578
-0.4,9.926993823896762e-10,2332.1716999604114,489.929360905385,39.90607827400121,296.137708789732,0.00046694916256572773,8562678507013604755,train,-3.3307303991319386,-3.3174462,0.013284167289897564,-3.320692539215088
-2.6,8.241763212999094e-10,2472.357675267654,473.84577322091,39.21856251436128,307.7679942040925,0.0005135412275422632,14456930291123660273,train,-3.289424685123416,-3.2873905,0.0020342146186553833,-3.2923903465270996
-2.8000000000000003,1.1064539714677527e-09,2488.434465234489,500.4335716276796,41.129719458135625,288.0815978442095,0.0005248275497331078,4253972365711734043,train,-3.2799833756464394,-3.2722976,0.007685754873123951,-3.2750494480133057
-1.4,1.1201765668553064e-09,2329.913862262383,487.444276821995,41.61971486534147,298.1037724082114,0.0005163388695787235,10813817281839957845,train,-3.287065180379565,-3.2884228,0.0013576425727053199,-3.2875099182128906
-0.4,1.013177684158949e-09,2549.0982526102403,506.5025106580401,39.7132385315927,304.62183232922587,0.00046790753986847636,14934561482547682078,train,-3.3298399565242325,-3.3343287,0.004488694903990176,-3.331791877746582
-2.2,1.0044736023004086e-09,2276.4853940628345,486.8441992232576,38.23677890677304,298.10055132439214,0.0005183281602104759,15363031408316951214,train,-3.285395195768232,-3.2861078,0.000712582780962201,-3.287313938140869
-0.6000000000000001,1.0050965165320695e-09,2414.3235243349927,515.5034020410067,40.79653471954481,301.4383600393062,0.00048299282724847774,18237334030368139870,train,-3.316059318750634,-3.3125174,0.0035419141943595633,-3.3134002685546875
-1.6,9.89297888860932e-10,2413.8801533334354,510.75595836241,38.53132745549709,285.1813868750008,0.0005074501076081408,6508029577517650568,train,-3.2946066510613203,-3.2923317,0.00227495550467971,-3.294780969619751
-0.6000000000000001,9.143704143090119e-10,2444.5179463100326,473.4138143725302,40.94136333558407,299.94201571725745,0.00047456502362060643,11714911050137312102,train,-3.3237042733001423,-3.3180275,0.005676776962251662,-3.3194289207458496
-0.8,9.612679185080118e-10,2493.7557151613,504.62150372842615,37.39117268896573,297.8667082132286,0.000472745120368289,433422742429117681,train,-3.32537294520754,-3.3201494,0.0052235235156454785,-3.3175456523895264
-2.6,9.798133860644783e-10,2446.0111249981446,493.4775434169566,39.325337668236735,299.6111127589073,0.0005257011749157502,7157631882990673600,train,-3.2792610523541126,-3.282049,0.0027878883044567537,-3.2814486026763916
-0.8,1.0728366895058958e-09,2396.471193900285,522.5703607996403,39.66536493364173,302.3426017448898,0.0004903383964778684,10539271283961051071,train,-3.3095040975236483,-3.3073425,0.0021615682267732694,-3.308696985244751
-2.6,1.0071535471770136e-09,2369.635821802133,538.5091665951578,40.65637295368661,296.23853018587084,0.0005341529276253266,6305389621858259219,train,-3.272334386949855,-3.2770371,0.004702756757420268,-3.2725770473480225
-1.6,1.243555870393131e-09,2440.816535503744,483.6779599156501,38.81204244575611,302.5323056028984,0.0005012478739934424,4261926717090881150,train,-3.2999474563964486,-3.2985399,0.0014075794585823864,-3.297248125076294
-2.6,1.006299553709699e-09,2596.53014928976,491.578961058072,40.01001805266426,305.28831051478386,0.000513742644369053,6325844468188908084,train,-3.289254383184585,-3.2830706,0.006183818914565542,-3.289116382598877
-0.2,1.0375673846448864e-09,2379.4103992541063,496.85223216497695,39.047727684139495,305.18782525816323,0.000455932305424818,3141391476646313355,train,-3.3410996344471564,-3.3341527,0.006946935930310705,-3.3357527256011963
-2.8000000000000003,9.220148370062531e-10,2472.3739758500788,504.5088858703008,41.28793476116813,303.0641722996054,0.0005203553157331736,7538273554073210114,train,-3.2837000045080575,-3.27871,0.004990116049805593,-3.284663438796997
-2.6,1.0025105539620802e-09,2526.9743060678943,509.1946075584183,40.75166342427999,301.0515477079729,0.0005226957864719187,15180030701036252205,train,-3.281751000800223,-3.2810576,0.0006934045935578226,-3.280747413635254
-1.4,9.63679966987411e-10,2457.046368424285,519.0454313677445,40.52844947169319,303.263443359763,0.0005069245149605706,17951410366048416543,train,-3.2950567057096083,-3.2970002,0.001943464044420029,-3.2937374114990234
0.0,9.244750759855351e-10,2606.766252024905,514.7015322051607,39.36697999872778,300.425811364213,0.0004394353828734,13867644369009061341,train,-3.3571049770741244,-3.3587828,0.0016777911753873553,-3.359762191772461
-0.8,9.634928280602635e-10,2455.009212271192,512.2369330710814,40.30940301281442,306.6726054586492,0.0004849633524723603,9415233787243991652,train,-3.314291078759333,-3.3118145,0.0024765321742501456,-3.3142306804656982
-1.2000000000000002,9.42387899986183e-10,2596.3418775504824,506.9916211367261,42.54178389838287,305.55199671356803,0.0004930376606436523,3392607520233113049,train,-3.3071199059052474,-3.3058748,0.0012450813813216222,-3.305805206298828
-1.6,1.0071535471770136e-09,2369.635821802133,538.5091665951578,40.65637295368661,296.23853018587084,0.0005179553815376929,6305389621858259219,train,-3.2857076502674536,-3.2856748,3.283985790769606e-05,-3.2839205265045166
0.0,1.0040157435828723e-09,2421.1156291426087,502.3421578152334,38.33334239027114,293.10089722857373,0.0004492201885135,12886194249589357920,train,-3.3475407342382937,-3.3474908,4.9946732190164767e-05,-3.3482842445373535
-1.0,9.244750759855351e-10,2606.766252024905,514.7015322051607,39.36697999872778,300.425811364213,0.0004884286734393481,13867644369009061341,train,-3.3111988485130732,-3.3109848,0.00021399858326365262,-3.3148369789123535
-2.8000000000000003,1.0803651442869379e-09,2531.060987167743,511.9316238370674,40.66002705988115,288.1838349540611,0.0005359199762200432,17485459239320075305,train,-3.270900054487564,-3.276934,0.006033853974960479,-3.273887872695923
-0.2,1.032683367538443e-09,2526.170348943833,478.8149532207128,42.09307571557734,293.4443281911712,0.00046407973819828305,12981595077382156139,train,-3.333407392539324,-3.3263175,0.007089843787492889,-3.3296523094177246
-0.8,9.123213222215395e-10,2625.69228411366,506.617977618184,38.92442853409919,306.1252360546967,0.00047052832179574923,2928394120619732261,train,-3.32741423062264,-3.3216429,0.005771354951253471,-3.3251523971557617
-0.2,8.979123523428992e-10,2531.360993910196,491.918494232159,35.793021097389925,308.86985058095934,0.0004556604739056481,579736006479800074,train,-3.3413586424932022,-3.3500736,0.008714933480308495,-3.3458025455474854
0.0,1.104689398918354e-09,2572.8324404304963,485.2307246352714,40.714467773434976,300.93677074401546,0.0004429722632006,9216328605101287225,train,-3.3536234663639433,-3.360179,0.006555481084787207,-3.3499574661254883
-0.4,1.1774606839117e-09,2487.5677489208106,509.6158544320055,42.33569419095241,299.8381908200232,0.00046969404168674666,14988660033747214345,train,-3.32818494903323,-3.318929,0.0092559920477564,-3.3248867988586426
-0.2,1.0849323731926979e-09,2551.147301026894,487.27717818808753,44.82712146868644,302.5978918999191,0.000462831330355371,17938021924088880075,train,-3.334577250109422,-3.332188,0.0023893591029522376,-3.3351895809173584
-1.6,9.136850961862703e-10,2400.1705034771794,499.3175315176618,39.85562670167986,300.93280864091923,0.0005014541341945768,689847661215077168,train,-3.2997687838342697,-3.294242,0.005526878621867404,-3.298097848892212
-2.6,8.979123523428992e-10,2531.360993910196,491.918494232159,35.793021097389925,308.86985058095934,0.0005213593905363203,579736006479800074,train,-3.2828627996978716,-3.291603,0.008740288681034603,-3.2916462421417236
-1.4,1.0803651442869379e-09,2531.060987167743,511.9316238370674,40.66002705988115,288.1838349540611,0.0005127056833133729,17485459239320075305,train,-3.2901318684032588,-3.2917922,0.0016602859088750144,-3.290879964828491
-2.8000000000000003,9.808684991835892e-10,2440.440905080504,475.02919518003887,43.13862383173334,296.64614602139693,0.0005397485755313326,10893922623691634355,train,-3.267808495153432,-3.2694638,0.0016552823886821777,-3.269690990447998
-0.8,9.756514716409811e-10,2404.497548871577,500.9208966540563,41.62971960161597,300.52976098251094,0.0004950264701227834,7311808897764695838,train,-3.305371577791883,-3.304006,0.0013654780909551079,-3.3061728477478027
-2.6,1.0663734802785015e-09,2646.766281337793,486.2018595083384,41.79339850063371,299.641349014439,0.0005289221599127995,5637171177688138856,train,-3.276608237242234,-3.278671,0.0020627889876245753,-3.2799227237701416
-2.4000000000000004,1.006938037138553e-09,2476.033687734913,499.8883185243343,35.52248114367448,306.4489109295662,0.000512526607545957,11533471517763731933,train,-3.290283583520146,-3.2952967,0.005013085486201607,-3.293747663497925
-1.2000000000000002,1.1762312017058683e-09,2610.23254556298,515.3751788116352,39.24041391228537,297.93305834844136,0.0004917627005864353,7155552337602576564,train,-3.308244414889301,-3.3052242,0.00302023466774326,-3.3048129081726074
-0.8,1.0191682032973931e-09,2560.240612715575,475.6482256289376,41.11142736058992,291.8506686301862,0.00048265596626081736,14547390297170085011,train,-3.3163623209912565,-3.3040354,0.01232689580509927,-3.3119778633117676
-3.0,1.0663734802785015e-09,2646.766281337793,486.2018595083384,41.79339850063371,299.641349014439,0.0005339175272610267,5637171177688138856,train,-3.2725258220381326,-3.2709026,0.0016231883711403938,-3.2747514247894287
-3.0,1.0803651442869379e-09,2531.060987167743,511.9316238370674,40.66002705988115,288.1838349540611,0.000538257947082617,17485459239320075305,train,-3.269009549337919,-3.2760456,0.007036011498872785,-3.2729134559631348
-2.2,9.85546704036472e-10,2573.0239327697072,479.3922741661716,39.9154735600532,295.8292447353602,0.000508062135669761,12112510911978131146,train,-3.294083170534379,-3.285466,0.008617214800126227,-3.2908480167388916
-1.6,1.0455070732925304e-09,2552.705145034877,518.1497095238773,37.60227540602951,298.4772867617408,0.0004924014350920584,13753303497944442308,train,-3.3076806899981266,-3.3001077,0.007572972484088503,-3.3012232780456543
-2.4000000000000004,7.516487326049726e-10,2475.0294016619155,481.8667099014746,36.16652897024234,304.10393187120707,0.00050625292200323,4556256472297801959,train,-3.2956324570983284,-3.2930171,0.002615308126770799,-3.2939608097076416
-1.0,9.63679966987411e-10,2457.046368424285,519.0454313677445,40.52844947169319,303.263443359763,0.0004964633937596923,17951410366048416543,train,-3.3041127682647975,-3.3037686,0.0003441334686549169,-3.30220103263855
-1.2000000000000002,1.032683367538443e-09,2526.170348943833,478.8149532207128,42.09307571557734,293.4443281911712,0.0005034995959917769,12981595077382156139,train,-3.2980008735882427,-3.2930167,0.004984201453843262,-3.294926404953003
-1.2000000000000002,9.85546704036472e-10,2573.0239327697072,479.3922741661716,39.9154735600532,295.8292447353602,0.0004885535696604464,12112510911978131146,train,-3.3110878091562945,-3.3013039,0.0097839456309039,-3.30350661277771
-2.4000000000000004,9.344027379399094e-10,2510.734791451186,511.4018674256231,36.36815079533651,301.4558439858307,0.0004988924161591365,13370015301709921327,train,-3.301993097875355,-3.2931929,0.008800234410999419,-3.2998881340026855
-1.8,1.018423641836786e-09,2420.2103352289205,495.3862399264609,39.18777263938059,307.5354074756815,0.0005016023927170911,9985116505034206452,train,-3.299640400523929,-3.2973235,0.002316935176638779,-3.295109987258911
-1.2000000000000002,9.979877857013674e-10,2496.537246315292,510.00187244466247,38.795972505421744,297.7961123434831,0.0004897206542486941,1378160361063041439,train,-3.3100515789773404,-3.3035243,0.006527323224776893,-3.3059871196746826
-1.8,9.74908016407874e-10,2433.9347159425315,536.1873069142775,40.58953669016749,293.2225739384997,0.0005245413938417274,18393380424088899902,train,-3.2802202340524977,-3.2867432,0.006522930010002259,-3.2781550884246826
-0.8,9.595802013951228e-10,2610.2949574222403,489.9218602044182,42.219532217947325,302.0841812978663,0.00048658113007458216,11643629726484600332,train,-3.3128447372946095,-3.3143067,0.0014619986978221533,-3.310384750366211
-2.8000000000000003,1.2225799825820127e-09,2598.953191343567,516.8045118894966,39.85430360518959,306.74502895459364,0.0005159026509786985,17234994038809733169,train,-3.287432240487881,-3.2807155,0.0067167749422267775,-3.286768674850464
-2.0,1.0352580576007263e-09,2678.9547588546675,473.131828680381,34.826156523967086,290.8089263982084,0.0004924810093244274,603198139025932464,train,-3.3076105117747443,-3.3142998,0.006689310078893396,-3.30257248878479
-2.6,1.0455070732925304e-09,2552.705145034877,518.1497095238773,37.60227540602951,298.4772867617408,0.0005082226815451274,13753303497944442308,train,-3.293945956660546,-3.288496,0.0054499392044911055,-3.2884624004364014
-2.6,1.0050965165320695e-09,2414.3235243349927,515.5034020410067,40.79653471954481,301.4383600393062,0.0005277953818459792,18237334030368139870,train,-3.277534414130335,-3.2809155,0.0033810846031854247,-3.277315616607666
-0.6000000000000001,9.595802013951228e-10,2610.2949574222403,489.9218602044182,42.219532217947325,302.0841812978663,0.00047899776265413624,11643629726484600332,train,-3.3196665151224556,-3.321354,0.0016873972310600394,-3.3161075115203857
-1.2000000000000002,9.74908016407874e-10,2433.9347159425315,536.1873069142775,40.58953669016749,293.2225739384997,0.0005114321551197322,18393380424088899902,train,-3.2912119701852145,-3.2929478,0.0017357989798245654,-3.286781072616577
-0.4,9.85546704036472e-10,2573.0239327697072,479.3922741661716,39.9154735600532,295.8292447353602,0.0004611441108275485,12112510911978131146,train,-3.336163333272395,-3.3279247,0.008238604878840317,-3.3288142681121826
-1.2000000000000002,1.1942019403763875e-09,2464.50260258804,490.2741317287723,40.32854625878799,294.3650499716886,0.0005026578264812826,11892504857466714026,train,-3.2987275510058502,-3.2965274,0.002200165294180323,-3.298280715942383
-0.2,9.595802013951228e-10,2610.2949574222403,489.9218602044182,42.219532217947325,302.0841812978663,0.00045872502285225925,11643629726484600332,train,-3.3384475690237747,-3.3404353,0.0019876974709762685,-3.3360025882720947
-0.8,8.979123523428992e-10,2531.360993910196,491.918494232159,35.793021097389925,308.86985058095934,0.0004832615626443591,579736006479800074,train,-3.315817746130104,-3.3269904,0.011172619851951726,-3.321702480316162
-1.4,1.0574423663675307e-09,2585.038533860248,471.3266920396063,42.543125490608695,301.3994726877767,0.0005001468777436956,2832837163574657009,train,-3.3009024380112417,-3.3009782,7.574573509616656e-05,-3.3004837036132812
-1.0,9.118663996020179e-10,2651.95019435956,481.7408591707263,38.899871401178025,300.40158819211445,0.00047988818628347474,17319768135093042826,train,-3.318859941242926,-3.3121688,0.0066911046492981185,-3.314260721206665
-2.4000000000000004,1.0375673846448864e-09,2379.4103992541063,496.85223216497695,39.047727684139495,305.18782525816323,0.0005161455634948047,3141391476646313355,train,-3.287227801265374,-3.2886665,0.0014386854747381328,-3.2862064838409424
-2.0,9.725086180844783e-10,2468.017331565751,490.28733545372194,44.50977871149023,303.263152322465,0.0005233839341657891,3744802582600429992,train,-3.281179612628946,-3.2937589,0.012579256542196493,-3.2848613262176514
-1.0,1.0060692139373963e-09,2527.3807724384133,522.7157534573084,43.167246359099664,298.50956140834,0.0005045167618774131,1367897570274288222,train,-3.2971244003488978,-3.297848,0.0007235858724157218,-3.292837142944336
-1.6,1.0147448677929011e-09,2607.8117384734032,505.1107398178068,40.31257836583995,298.21936914217434,0.0005063313733699982,833253205382390921,train,-3.2955651619686113,-3.29656,0.0009948870883955685,-3.296175241470337
-1.6,7.777840542828623e-10,2445.911024694583,482.1130919467457,41.27682283342508,300.8565986758517,0.0005002970036000495,13149960228396626776,train,-3.3007720982036606,-3.2951458,0.005626348157884209,-3.2971177101135254
-0.2,8.762920771795992e-10,2597.67569731618,502.646286170094,38.978559546027874,295.06946514256083,0.0004440828276401098,2033506848451370756,train,-3.3525360203533108,-3.3400548,0.012481269910805892,-3.345066547393799
-1.4,1.1774606839117e-09,2487.5677489208106,509.6158544320055,42.33569419095241,299.8381908200232,0.0005023625960536546,14988660033747214345,train,-3.2989827039289588,-3.294996,0.003986680750858174,-3.294600009918213
-1.8,1.0574423663675307e-09,2585.038533860248,471.3266920396063,42.543125490608695,301.3994726877767,0.0005085464396606042,2832837163574657009,train,-3.2936693818416565,-3.2957022,0.00203283716774294,-3.2958035469055176
-0.8,8.622252758820395e-10,2596.9228583838576,499.2028055441836,37.99663516660689,298.18972265332246,0.000477722468590489,7681735671422946543,train,-3.3208243321824416,-3.3202853,0.0005390119004591298,-3.3204238414764404
-2.2,1.0803651442869379e-09,2531.060987167743,511.9316238370674,40.66002705988115,288.1838349540611,0.0005277338647335986,17485459239320075305,train,-3.2775850362093846,-3.2832685,0.005683415481289256,-3.2809677124023438
-3.0,9.664729913030388e-10,2627.7330466636663,506.9906344590098,40.06029068650691,301.1540677406581,0.0005179650902490966,8813459275462154891,train,-3.2856995097974,-3.2758772,0.009822272477453708,-3.2846152782440186
-1.0,1.013177684158949e-09,2549.0982526102403,506.5025106580401,39.7132385315927,304.62183232922587,0.0004907081187052161,14934561482547682078,train,-3.309176756611081,-3.3116126,0.0024358494375031903,-3.311689853668213
-1.4,1.0071535471770136e-09,2369.635821802133,538.5091665951578,40.65637295368661,296.23853018587084,0.0005136155892260588,6305389621858259219,train,-3.289361803062047,-3.2869804,0.002381412513341008,-3.286958932876587
-0.2,9.612679185080118e-10,2493.7557151613,504.62150372842615,37.39117268896573,297.8667082132286,0.0004467563920125128,433422742429117681,train,-3.3499292250653996,-3.3426256,0.007303607084442554,-3.3432278633117676
-2.8000000000000003,9.89297888860932e-10,2413.8801533334354,510.75595836241,38.53132745549709,285.1813868750008,0.0005255612563635392,6508029577517650568,train,-3.2793766578465036,-3.2872486,0.00787195360369175,-3.2802295684814453
-1.0,9.612679185080118e-10,2493.7557151613,504.62150372842615,37.39117268896573,297.8667082132286,0.0004787574252636694,433422742429117681,train,-3.3198844773031513,-3.3128085,0.00707596366179386,-3.312063455581665
-0.8,1.0060692139373963e-09,2527.3807724384133,522.7157534573084,43.167246359099664,298.50956140834,0.0004980114024204552,1367897570274288222,train,-3.3027607135623844,-3.3021715,0.0005892448276432205,-3.298302412033081
-1.8,9.612679185080118e-10,2493.7557151613,504.62150372842615,37.39117268896573,297.8667082132286,0.0004964970135237618,433422742429117681,train,-3.304083359482903,-3.2966902,0.007393133881706593,-3.299118757247925
-0.6000000000000001,1.120623623770265e-09,2459.871490367434,512.0011452017391,38.21649432972869,303.56534322943094,0.0004748086800992818,2671493380122846465,train,-3.3234813501960425,-3.326139,0.002657623040041468,-3.324925661087036
-2.4000000000000004,9.926993823896762e-10,2332.1716999604114,489.929360905385,39.90607827400121,296.137708789732,0.0005152346698128312,8562678507013604755,train,-3.287994921265859,-3.2794743,0.008520662843007454,-3.2821106910705566
-2.0,9.926993823896762e-10,2332.1716999604114,489.929360905385,39.90607827400121,296.137708789732,0.0005093443767845384,8562678507013604755,train,-3.2929884841358974,-3.2842245,0.008763973943026304,-3.287590503692627
-0.2,9.603042271636284e-10,2438.0715583385486,503.6957420101608,43.08491203323523,298.5763734449834,0.00046883682755965485,2124884718484563516,train,-3.328978281423089,-3.321611,0.007367353841301938,-3.326326847076416
-2.8000000000000003,8.220747042076196e-10,2489.354974528123,536.8974000619587,36.589080383233394,294.68809277779184,0.0005093287160361646,13344013943894260190,train,-3.293001837539751,-3.2978954,0.004893593978803512,-3.2899696826934814
-1.4,9.756514716409811e-10,2404.497548871577,500.9208966540563,41.62971960161597,300.52976098251094,0.000511880298730195,7311808897764695838,train,-3.29083158527182,-3.2932825,0.002450923578277475,-3.291713237762451
-2.0,9.979877857013674e-10,2496.537246315292,510.00187244466247,38.795972505421744,297.7961123434831,0.0005062870709308392,1378160361063041439,train,-3.295603163063658,-3.291197,0.004406101524961681,-3.294266939163208
-1.0,1.0050101529814667e-09,2449.206992526188,478.70441149946606,40.80112322251315,299.2329513672896,0.0004969067991761484,15255519671477510073,train,-3.3037250607620527,-3.3043332,0.0006081492294023327,-3.302032232284546
-2.0,8.241763212999094e-10,2472.357675267654,473.84577322091,39.21856251436128,307.7679942040925,0.0005046669144294471,14456930291123660273,train,-3.2969951663416417,-3.296899,9.608606515243423e-05,-3.299952745437622
-1.8,9.664729913030388e-10,2627.7330466636663,506.9906344590098,40.06029068650691,301.1540677406581,0.0005002796884214266,8813459275462154891,train,-3.3007871293084023,-3.295184,0.0056032322899697284,-3.2969412803649902
-1.2000000000000002,9.123213222215395e-10,2625.69228411366,506.617977618184,38.92442853409919,306.1252360546967,0.0004825103191564272,2928394120619732261,train,-3.3164933942273973,-3.3083448,0.008148553223979338,-3.3137054443359375
-0.6000000000000001,8.4981307882089e-10,2622.111610500832,493.1418777793542,40.32755095458103,299.70047987606006,0.00047589211396216344,5127878088967066821,train,-3.3224914918625017,-3.323543,0.0010515798843244717,-3.3219645023345947
0.0,1.1201765668553064e-09,2329.913862262383,487.444276821995,41.61971486534147,298.1037724082114,0.0004586495972403,10813817281839957845,train,-3.338518983528655,-3.336455,0.0020638767934255675,-3.338064432144165
-0.4,1.0806933086411387e-09,2604.781653428076,466.5836923998952,39.33731057072893,297.69705044733973,0.0004692304837628255,3371631208540637995,train,-3.328613781509754,-3.3320377,0.003423905791881676,-3.3290786743164062
-1.0,1.066709170571727e-09,2302.646144768272,474.8978179470865,37.69553984942066,294.1521471075916,0.0004890082946392229,3765765162242439701,train,-3.3106837742393815,-3.3033638,0.007319974190553413,-3.307569742202759
-0.8,9.118663996020179e-10,2651.95019435956,481.7408591707263,38.899871401178025,300.40158819211445,0.0004734912367570806,17319768135093042826,train,-3.3246880543867094,-3.3194356,0.005252457920644993,-3.320234537124634
-2.8000000000000003,1.000072357945733e-09,2615.067429542859,502.8265147659643,41.97319841319997,303.92619603855775,0.0005276617263620999,2056914843148536795,train,-3.2776444059793333,-3.2778902,0.0002457994039675171,-3.280672788619995
-2.4000000000000004,9.220148370062531e-10,2472.3739758500788,504.5088858703008,41.28793476116813,303.0641722996054,0.0005151661428559641,7538273554073210114,train,-3.2880526869021183,-3.285816,0.0022367326937442478,-3.289401054382324
-0.6000000000000001,1.075576112436465e-09,2439.1914792405805,507.5653121861305,41.43318212059344,299.0815860986159,0.00047752001836186264,8793357247245534573,train,-3.3210084174166514,-3.311722,0.009286377240259824,-3.3155672550201416
-0.6000000000000001,9.118663996020179e-10,2651.95019435956,481.7408591707263,38.899871401178025,300.40158819211445,0.0004660031550958273,17319768135093042826,train,-3.3316111428892508,-3.3278518,0.0037593705809011446,-3.326596975326538
-0.6000000000000001,9.808684991835892e-10,2440.440905080504,475.02919518003887,43.13862383173334,296.64614602139693,0.000491704835860803,10893922623691634355,train,-3.3082955204522944,-3.3053346,0.0029609524286127176,-3.308422327041626
-2.8000000000000003,8.762920771795992e-10,2597.67569731618,502.646286170094,38.978559546027874,295.06946514256083,0.0005096384057579856,2033506848451370756,train,-3.2927378515120305,-3.2824838,0.010254035365179881,-3.2872750759124756
-3.0,1.0352580576007263e-09,2678.9547588546675,473.131828680381,34.826156523967086,290.8089263982084,0.0005059367706690966,603198139025932464,train,-3.2959037556213615,-3.3258135,0.029909776254248843,-3.291745901107788
-0.8,1.0574423663675307e-09,2585.038533860248,471.3266920396063,42.543125490608695,301.3994726877767,0.00048319485862528827,2832837163574657009,train,-3.3158776954186835,-3.3131847,0.002692957259503803,-3.31476092338562
-1.0,9.304065850268983e-10,2472.4930947482308,495.539662311,41.9345213676303,296.5403011366731,0.0004957676636909259,1906069974405082520,train,-3.304721803382189,-3.2985876,0.0061342427285024925,-3.3050317764282227
-0.2,9.979877857013674e-10,2496.537246315292,510.00187244466247,38.795972505421744,297.7961123434831,0.0004514594041375347,1378160361063041439,train,-3.3453812959633553,-3.3382988,0.007082498355933442,-3.3406245708465576
-0.8,1.2225799825820127e-09,2598.953191343567,516.8045118894966,39.85430360518959,306.74502895459364,0.00047582159671893996,17234994038809733169,train,-3.3225558499763403,-3.3192983,0.0032575826118383944,-3.3228697776794434
-1.4,8.354324428057497e-10,2430.182491588309,507.603602235917,36.73791801396338,295.61725668807514,0.0004917319005374196,10829525609740651031,train,-3.308271616444488,-3.303298,0.004973619923491768,-3.305515766143799
-1.8,1.013177684158949e-09,2549.0982526102403,506.5025106580401,39.7132385315927,304.62183232922587,0.0005097456593295547,14934561482547682078,train,-3.292646463710192,-3.2966394,0.003992978733655672,-3.298262357711792
-2.2,1.032683367538443e-09,2526.170348943833,478.8149532207128,42.09307571557734,293.4443281911712,0.0005235366114950692,12981595077382156139,train,-3.281052942229052,-3.280196,0.0008569907672599797,-3.280935287475586
-2.6,9.220148370062531e-10,2472.3739758500788,504.5088858703008,41.28793476116813,303.0641722996054,0.0005178574114008632,7538273554073210114,train,-3.2857898038964364,-3.282252,0.0035377306084725113,-3.2871673107147217
-2.2,9.74908016407874e-10,2433.9347159425315,536.1873069142775,40.58953669016749,293.2225739384997,0.0005312842535176653,18393380424088899902,train,-3.2746730557479506,-3.2825246,0.007851529975926308,-3.273371458053589
-2.0,1.0044736023004086e-09,2276.4853940628345,486.8441992232576,38.23677890677304,298.10055132439214,0.0005152817477725878,15363031408316951214,train,-3.2879552407759474,-3.2878969,5.836920917490218e-05,-3.2898688316345215
-1.0,9.980121445569454e-10,2387.75545073954,508.7275610680178,38.8972081784186,297.8606493603604,0.0004867605175801857,11032972375804727196,train,-3.312684655775698,-3.3040612,0.008623481382997955,-3.3065545558929443
-0.4,8.89459518994858e-10,2383.601346469497,502.4892009812192,38.55163090195673,309.2198732722366,0.00046482784005463595,3483175946691254694,train,-3.332707868526463,-3.3286602,0.004047618816379828,-3.3324859142303467
-2.0,1.0025105539620802e-09,2526.9743060678943,509.1946075584183,40.75166342427999,301.0515477079729,0.0005136650258543439,15180030701036252205,train,-3.2893200032761474,-3.2911923,0.0018722898909668828,-3.2879984378814697
-1.0,9.344027379399094e-10,2510.734791451186,511.4018674256231,36.36815079533651,301.4558439858307,0.0004714926958481884,13370015301709921327,train,-3.326525030768429,-3.3164415,0.010083494818721839,-3.320922374725342
-1.6,9.244750759855351e-10,2606.766252024905,514.7015322051607,39.36697999872778,300.425811364213,0.0005033743514327827,13867644369009061341,train,-3.298108916946161,-3.2982745,0.00016560011316535395,-3.3028507232666016
-2.0,9.244750759855351e-10,2606.766252024905,514.7015322051607,39.36697999872778,300.425811364213,0.0005109279853241649,13867644369009061341,train,-3.2916403088287995,-3.2920632,0.00042292740777272186,-3.297328472137451
-2.4000000000000004,1.018423641836786e-09,2420.2103352289205,495.3862399264609,39.18777263938059,307.5354074756815,0.0005110242810652489,9985116505034206452,train,-3.291558464088135,-3.2903368,0.0012216167828369429,-3.287550926208496
-0.6000000000000001,1.243555870393131e-09,2440.816535503744,483.6779599156501,38.81204244575611,302.5323056028984,0.00047346810576035994,4261926717090881150,train,-3.3247092710615713,-3.326103,0.0013937009690683233,-3.321654796600342
-2.4000000000000004,7.777840542828623e-10,2445.911024694583,482.1130919467457,41.27682283342508,300.8565986758517,0.0005137962028674772,13149960228396626776,train,-3.2892091096449847,-3.2835665,0.005642634730433915,-3.286702871322632
-1.6,9.89963136259949e-10,2542.7024133885266,503.0087467521194,39.0211226249472,305.0510216058231,0.0004959354245078787,380264510751012186,train,-3.3045748690857364,-3.2999384,0.004636428762860412,-3.2989580631256104
0.0,1.0671658198705112e-09,2444.626831258547,492.08006432381046,41.193035529790656,301.7038514591378,0.000440197339132,10743645008157788724,train,-3.3563525869616395,-3.3501987,0.0061538412341004545,-3.3481545448303223
-3.0,1.0942344693420075e-09,2360.838758300681,491.3731844386217,39.51420947268076,305.7035776891924,0.0005327560505986823,3134241803077969267,train,-3.2734716092314082,-3.2826054,0.009133800390784153,-3.2781007289886475
-0.4,8.354324428057497e-10,2430.182491588309,507.603602235917,36.73791801396338,295.61725668807514,0.00046022390587496136,10829525609740651031,train,-3.337030826084738,-3.3358285,0.001202283375387303,-3.3339710235595703
-2.0,1.1395831540373824e-09,2538.761869465952,510.72502895181066,40.87821813200619,300.974125232131,0.0005141357665467178,3684234868495982631,train,-3.2889221828017674,-3.2912943,0.0023721535172023245,-3.2885684967041016
-0.4,9.143704143090119e-10,2444.5179463100326,473.4138143725302,40.94136333558407,299.94201571725745,0.0004658296315806569,11714911050137312102,train,-3.3317728893035596,-3.3257189,0.006054009603852606,-3.3267252445220947
-1.6,1.0352580576007263e-09,2678.9547588546675,473.131828680381,34.826156523967086,290.8089263982084,0.00048532827079110274,603198139025932464,train,-3.3139644099190635,-3.317026,0.003061489968021469,-3.3074429035186768
-0.4,9.118663996020179e-10,2651.95019435956,481.7408591707263,38.899871401178025,300.40158819211445,0.00045700927343967897,17319768135093042826,train,-3.3400749873200417,-3.3362026,0.003872365860080773,-3.334549903869629
-2.4000000000000004,1.0574423663675307e-09,2585.038533860248,471.3266920396063,42.543125490608695,301.3994726877767,0.0005184720249801128,2832837163574657009,train,-3.2852746717234123,-3.284504,0.0007707349558341292,-3.2867496013641357
-1.2000000000000002,1.2225799825820127e-09,2598.953191343567,516.8045118894966,39.85430360518959,306.74502895459364,0.00048768727490279133,17234994038809733169,train,-3.311858576193545,-3.3073366,0.004522007361147384,-3.311718702316284
-2.2,9.808684991835892e-10,2440.440905080504,475.02919518003887,43.13862383173334,296.64614602139693,0.0005314568133814555,10893922623691634355,train,-3.2745320208343016,-3.2812436,0.006711541864062642,-3.2784759998321533
-2.0,1.0728366895058958e-09,2396.471193900285,522.5703607996403,39.66536493364173,302.3426017448898,0.0005183149219533178,10539271283961051071,train,-3.2854062879216124,-3.2894819,0.00407559035902727,-3.2870655059814453
-2.4000000000000004,1.120623623770265e-09,2459.871490367434,512.0011452017391,38.21649432972869,303.56534322943094,0.0005159124706402262,2671493380122846465,train,-3.287423974230242,-3.2886136,0.0011895835853099612,-3.2904655933380127
-1.0,8.4981307882089e-10,2622.111610500832,493.1418777793542,40.32755095458103,299.70047987606006,0.0004899232835869422,5127878088967066821,train,-3.3098719202231153,-3.3093424,0.0005295358847363651,-3.3095760345458984
-0.4,1.0789603531824067e-09,2367.1936347140645,478.9001778930339,37.12870103512795,297.3410066095633,0.00047271272171087224,4747465828158748725,train,-3.3254027097459815,-3.3331234,0.007720735764882747,-3.326627731323242
-2.6,8.354324428057497e-10,2430.182491588309,507.603602235917,36.73791801396338,295.61725668807514,0.000511337412240133,10829525609740651031,train,-3.2912924307527565,-3.2927356,0.0014431458768822125,-3.2923243045806885
-1.6,1.1942019403763875e-09,2464.50260258804,490.2741317287723,40.32854625878799,294.3650499716886,0.0005116909661469503,11892504857466714026,train,-3.2909922503860276,-3.2907374,0.00025485986783913006,-3.2920029163360596
-1.8,9.596807973870107e-10,2396.380469719385,547.2442070596833,39.34847113068841,298.5552181462747,0.0005129326127038342,16164245777420927440,train,-3.2899396872336397,-3.2889369,0.0010028338248262436,-3.285121440887451
0.0,1.0803651442869379e-09,2531.060987167743,511.9316238370674,40.66002705988115,288.1838349540611,0.0004547673907048,17485459239320075305,train,-3.342210684144152,-3.3457751,0.00356444326673655,-3.343231201171875
-1.6,9.525981103063824e-10,2521.0178569100235,513.1122387074643,39.33447860201831,299.4635962010897,0.0005069578482924239,2217437892012799629,train,-3.295028149177574,-3.2968254,0.0017972597579727356,-3.296534538269043
-0.6000000000000001,1.0789603531824067e-09,2367.1936347140645,478.9001778930339,37.12870103512795,297.3410066095633,0.0004811854437772814,4747465828158748725,train,-3.3176875188692274,-3.3257196,0.008032076086216922,-3.3186380863189697
-2.4000000000000004,8.599648780937921e-10,2637.8899539670565,501.9551856304757,39.90381821426863,300.9815905741297,0.00050883798715112,14435728251762431223,train,-3.293420474021814,-3.2846625,0.008757988899133373,-3.292587995529175
-2.6,9.50582857470194e-10,2403.738957653681,492.6388454667692,37.10727035463277,300.4554170460457,0.0005215840327978259,9184494546452176042,train,-3.2826757120881314,-3.2892838,0.006608040353274891,-3.2876036167144775
-2.2,1.0073410050818803e-09,2574.374612551252,485.6872921198837,42.17824256593523,298.72995545788456,0.0005189685993733557,9029148243980292461,train,-3.2848589187053654,-3.2859485,0.0010895962329890985,-3.283710479736328
-0.8,1.1396379394271226e-09,2408.4924726992253,490.0725825278824,43.06550150160359,292.35304316269765,0.0005001276142205612,10954724855113224492,train,-3.30091916550328,-3.2907097,0.010209431540267211,-3.298004150390625
-0.8,9.603042271636284e-10,2438.0715583385486,503.6957420101608,43.08491203323523,298.5763734449834,0.0004967747501381426,2124884718484563516,train,-3.3038404864110924,-3.2990654,0.004775134924886348,-3.3014657497406006
-2.8000000000000003,9.980121445569454e-10,2387.75545073954,508.7275610680178,38.8972081784186,297.8606493603604,0.0005193171754879621,11032972375804727196,train,-3.2845673136531732,-3.2811167,0.0034505896388909996,-3.282440185546875
-2.4000000000000004,9.58904338765352e-10,2486.667922677388,495.3304947031063,40.43386356777175,305.1954997344612,0.0005273282150467686,13052852389533457310,train,-3.277918990831834,-3.2879388,0.010019842404860313,-3.285545825958252
-1.2000000000000002,9.682475573035431e-10,2330.6047518253104,479.0686974559265,41.64371883461047,301.63426669668445,0.0005073943038173397,13640118791446356878,train,-3.2946544126258828,-3.2946224,3.199136123432922e-05,-3.2960126399993896
-1.4,1.2307353848142815e-09,2445.249484887284,482.48119148575233,42.87746783295031,307.55593866537106,0.0005082333242629141,15038946426069692038,train,-3.293936862172283,-3.3019817,0.008044825373493492,-3.2949299812316895
-1.0,1.0455070732925304e-09,2552.705145034877,518.1497095238773,37.60227540602951,298.4772867617408,0.0004780825103848683,13753303497944442308,train,-3.3204971437383786,-3.3135815,0.006915677063573877,-3.3122804164886475
-2.0,7.516487326049726e-10,2475.0294016619155,481.8667099014746,36.16652897024234,304.10393187120707,0.0005000521386053066,4556256472297801959,train,-3.3009847110078616,-3.2968147,0.0041700309083743115,-3.3001410961151123
-2.0,1.1459805246638944e-09,2630.825732937456,497.4739907663986,41.26661222078493,300.2753689300697,0.0005056475670639024,12849312948239067464,train,-3.2961520780372378,-3.2913675,0.0047845472144838475,-3.2930679321289062
-2.6,1.1396379394271226e-09,2408.4924726992253,490.0725825278824,43.06550150160359,292.35304316269765,0.0005373511059044748,10954724855113224492,train,-3.2697418529790054,-3.2685597,0.0011821586888443036,-3.269713878631592
-1.8,1.1942019403763875e-09,2464.50260258804,490.2741317287723,40.32854625878799,294.3650499716886,0.0005154957070416167,11892504857466714026,train,-3.287774947094141,-3.2882695,0.0004945727117671161,-3.2894339561462402
0.0,9.595802013951228e-10,2610.2949574222403,489.9218602044182,42.219532217947325,302.0841812978663,0.000443650817951,11643629726484600332,train,-3.35295871344341,-3.36234,0.009381260006297243,-3.349940538406372
-0.6000000000000001,1.2225799825820127e-09,2598.953191343567,516.8045118894966,39.85430360518959,306.74502895459364,0.0004684306649478825,17234994038809733169,train,-3.329354682383327,-3.3273914,0.00196329635122261,-3.3293616771698
0.0,1.000072357945733e-09,2615.067429542859,502.8265147659643,41.97319841319997,303.92619603855775,0.0004434349086352,2056914843148536795,train,-3.353170120804581,-3.3618631,0.008693015486922917,-3.3528037071228027
0.0,1.006938037138553e-09,2476.033687734913,499.8883185243343,35.52248114367448,306.4489109295662,0.000437252248887,11533471517763731933,train,-3.3592679481690046,-3.355933,0.003334997195493905,-3.35813307762146
-1.0,1.0806933086411387e-09,2604.781653428076,466.5836923998952,39.33731057072893,297.69705044733973,0.0004919174000303641,3371631208540637995,train,-3.308107815368047,-3.3090813,0.0009735006262157064,-3.309400796890259
-2.2,9.344027379399094e-10,2510.734791451186,511.4018674256231,36.36815079533651,301.4558439858307,0.0004960313160257888,13370015301709921327,train,-3.304490904260067,-3.2947204,0.009770492959408017,-3.3020830154418945
-0.4,1.0942344693420075e-09,2360.838758300681,491.3731844386217,39.51420947268076,305.7035776891924,0.00047499474006924483,3134241803077969267,train,-3.3233111995783973,-3.3266463,0.0033351283940148413,-3.323472499847412
-3.0,1.0849323731926979e-09,2551.147301026894,487.27717818808753,44.82712146868644,302.5978918999191,0.0005341258703901537,17938021924088880075,train,-3.2723563864652543,-3.2726092,0.00025284739094688646,-3.2725977897644043
-1.6,1.0942344693420075e-09,2360.838758300681,491.3731844386217,39.51420947268076,305.7035776891924,0.0005118874574281455,3134241803077969267,train,-3.2908255116618657,-3.2966256,0.005800102504394111,-3.2945075035095215
-1.0,1.1459805246638944e-09,2630.825732937456,497.4739907663986,41.26661222078493,300.2753689300697,0.00048355692710305107,12849312948239067464,train,-3.3155523909265963,-3.3085177,0.0070346964533296585,-3.309699296951294
-0.6000000000000001,8.599648780937921e-10,2637.8899539670565,501.9551856304757,39.90381821426863,300.9815905741297,0.0004660881996392812,14435728251762431223,train,-3.331531892339714,-3.3257375,0.005794415990837187,-3.3276848793029785
-1.0,1.000072357945733e-09,2615.067429542859,502.8265147659643,41.97319841319997,303.92619603855775,0.0004932837157864127,2056914843148536795,train,-3.306903221170403,-3.3101344,0.003231189687751268,-3.3079679012298584
-0.6000000000000001,1.0044736023004086e-09,2276.4853940628345,486.8441992232576,38.23677890677304,298.10055132439214,0.00048117483408668385,15363031408316951214,train,-3.3176970947633855,-3.3162224,0.0014746654878727838,-3.3155410289764404
-1.0,1.0044736023004086e-09,2276.4853940628345,486.8441992232576,38.23677890677304,298.10055132439214,0.0004942375411211548,15363031408316951214,train,-3.3060642696936657,-3.3021488,0.003915450723939173,-3.3053083419799805
-0.8,1.006938037138553e-09,2476.033687734913,499.8883185243343,35.52248114367448,306.4489109295662,0.0004782573482167069,11533471517763731933,train,-3.3203383485030686,-3.3269098,0.006571431999250699,-3.321415901184082
-0.4,9.634928280602635e-10,2455.009212271192,512.2369330710814,40.30940301281442,306.6726054586492,0.000468580080229418,9415233787243991652,train,-3.3292161776048776,-3.3263078,0.002908404014789756,-3.329580068588257
-2.4000000000000004,1.0692616090001279e-09,2445.881237248077,515.6238842072526,38.37558042728467,295.9516778251947,0.0005185537410080714,2860266914913243763,train,-3.285206228255057,-3.2867415,0.001535266877389141,-3.2853660583496094
-3.0,8.599648780937921e-10,2637.8899539670565,501.9551856304757,39.90381821426863,300.9815905741297,0.000516598282999228,14435728251762431223,train,-3.2868470416106303,-3.275998,0.010848926071079568,-3.2855100631713867
0.0,7.777840542828623e-10,2445.911024694583,482.1130919467457,41.27682283342508,300.8565986758517,0.0004373745705414,13149960228396626776,train,-3.359146470943085,-3.3520892,0.007057304301849587,-3.3532214164733887
-2.6,9.595802013951228e-10,2610.2949574222403,489.9218602044182,42.219532217947325,302.0841812978663,0.0005251165150530213,11643629726484600332,train,-3.279744322822051,-3.280693,0.0009487313771678885,-3.279919147491455
-0.8,9.42387899986183e-10,2596.3418775504824,506.9916211367261,42.54178389838287,305.55199671356803,0.00048088857520704005,3392607520233113049,train,-3.317955540629413,-3.3149076,0.0030479898176452025,-3.315096855163574
-3.0,1.1395831540373824e-09,2538.761869465952,510.72502895181066,40.87821813200619,300.974125232131,0.0005279340848880652,3684234868495982631,train,-3.277420297838149,-3.2747185,0.0027017748126363372,-3.2754950523376465
-0.2,1.0941860864671191e-09,2539.112215454232,503.69324532533454,39.339075937042885,294.39428351617613,0.0004609186866577253,12823118457006761398,train,-3.336375684264669,-3.3364244,4.8666473856595616e-05,-3.3351194858551025
-1.0,9.808684991835892e-10,2440.440905080504,475.02919518003887,43.13862383173334,296.64614602139693,0.0005057253384719226,10893922623691634355,train,-3.2960852862668935,-3.2949784,0.0011069060636463846,-3.2969601154327393
-1.6,8.4981307882089e-10,2622.111610500832,493.1418777793542,40.32755095458103,299.70047987606006,0.0005051005155727017,5127878088967066821,train,-3.2966221881887687,-3.2972648,0.000642626188062323,-3.298825740814209
-0.2,9.664729913030388e-10,2627.7330466636663,506.9906344590098,40.06029068650691,301.1540677406581,0.0004477050915109025,8813459275462154891,train,-3.349007966589269,-3.3426044,0.006403567861851922,-3.3438894748687744
-1.2000000000000002,1.0308127820747194e-09,2437.7200106987866,482.5972990901911,40.648465379108416,299.4728047413536,0.0005077866023215827,18026431441542812131,train,-3.2943187619391887,-3.2999375,0.005618724709370859,-3.2949860095977783
-1.8,1.0933784852654091e-09,2410.884334287086,539.0569290920441,39.62193192256099,289.3285700165644,0.0005142306848565453,16519722322841066187,train,-3.2888420119672355,-3.2876523,0.0011897578626212102,-3.283493995666504
-1.4,1.25959298622376e-09,2354.3009197629594,499.1918367180637,40.77134716523017,305.22981462209646,0.000508032173030712,128968913270984251,train,-3.2941087835285563,-3.2940745,3.424815868324771e-05,-3.293109893798828
-1.6,1.006938037138553e-09,2476.033687734913,499.8883185243343,35.52248114367448,306.4489109295662,0.000498999567175013,11533471517763731933,train,-3.3018998310771814,-3.3033414,0.0014415576252111428,-3.3033313751220703
-2.0,1.000096056099185e-09,2446.239819629679,503.61049666576776,43.101977222602514,303.9832024614659,0.0005241957542081933,13944279034983237670,train,-3.2805065009999117,-3.2921727,0.011666169364468182,-3.2856595516204834
0.0,1.1774606839117e-09,2487.5677489208106,509.6158544320055,42.33569419095241,299.8381908200232,0.0004444019038443,14988660033747214345,train,-3.352224089183684,-3.3478947,0.004329420604582523,-3.3490803241729736
-1.4,9.304065850268983e-10,2472.4930947482308,495.539662311,41.9345213676303,296.5403011366731,0.0005061121790247339,1906069974405082520,train,-3.295753211753461,-3.2925029,0.0032503316570253737,-3.297386884689331
-1.6,1.2225799825820127e-09,2598.953191343567,516.8045118894966,39.85430360518959,306.74502895459364,0.0004969216072324254,17234994038809733169,train,-3.3037121187751106,-3.3003964,0.0033156763617805396,-3.3036890029907227
-0.8,1.0203477325736783e-09,2420.870896846657,485.827773341465,41.83782044136868,301.83723728961854,0.0004982815352891005,4106527973129540887,train,-3.302525206087288,-3.3078678,0.005342559339347908,-3.306347131729126
-2.6,1.000072357945733e-09,2615.067429542859,502.8265147659643,41.97319841319997,303.92619603855775,0.0005250680093003248,2056914843148536795,train,-3.279784441068441,-3.2823436,0.0025591849538977307,-3.283775806427002
-1.0,1.1942019403763875e-09,2464.50260258804,490.2741317287723,40.32854625878799,294.3650499716886,0.000497261611257585,11892504857466714026,train,-3.303415067135207,-3.3008308,0.0025842260707538145,-3.3035099506378174
-1.6,9.595802013951228e-10,2610.2949574222403,489.9218602044182,42.219532217947325,302.0841812978663,0.0005082853993666129,11643629726484600332,train,-3.2938923653427117,-3.2990007,0.00510837470855785,-3.2950634956359863
-0.6000000000000001,1.1774606839117e-09,2487.5677489208106,509.6158544320055,42.33569419095241,299.8381908200232,0.00047847459339999207,14988660033747214345,train,-3.320141117948013,-3.3116975,0.008443634885269002,-3.316558599472046
-1.2000000000000002,9.136850961862703e-10,2400.1705034771794,499.3175315176618,39.85562670167986,300.93280864091923,0.0004923644657048399,689847661215077168,train,-3.307713297952693,-3.299762,0.007951287378352045,-3.304858684539795
-0.2,9.58904338765352e-10,2486.667922677388,495.3304947031063,40.43386356777175,305.1954997344612,0.00046393675523403153,13052852389533457310,train,-3.3335412192833775,-3.3394132,0.005871946762765035,-3.3369300365448
-2.4000000000000004,9.74908016407874e-10,2433.9347159425315,536.1873069142775,40.58953669016749,293.2225739384997,0.000534226601675049,18393380424088899902,train,-3.27227449019514,-3.280085,0.007810596627369826,-3.2711918354034424
-2.6,9.808684991835892e-10,2440.440905080504,475.02919518003887,43.13862383173334,296.64614602139693,0.000537199595799897,10893922623691634355,train,-3.269864322775363,-3.2736063,0.0037419775786409204,-3.2726187705993652
-0.4,9.664729913030388e-10,2627.7330466636663,506.9906344590098,40.06029068650691,301.1540677406581,0.0004586419220779569,8813459275462154891,train,-3.3385262511869365,-3.3333552,0.00517106281718549,-3.333317518234253
-0.4,8.241763212999094e-10,2472.357675267654,473.84577322091,39.21856251436128,307.7679942040925,0.0004599427478945136,14456930291123660273,train,-3.3372962244508955,-3.339009,0.0017128221036699642,-3.336754083633423
-0.4,8.75983736068783e-10,2627.978517028968,489.37942559949954,40.91913452211564,297.20307373531364,0.00046270251803472975,5144607327742428380,train,-3.334698137055943,-3.3276079,0.007090266954014268,-3.325853109359741
0.0,1.0073410050818803e-09,2574.374612551252,485.6872921198837,42.17824256593523,298.72995545788456,0.0004443689473254,9029148243980292461,train,-3.3522562973378753,-3.357635,0.005378723871841462,-3.3453621864318848
0.0,9.926993823896762e-10,2332.1716999604114,489.929360905385,39.90607827400121,296.137708789732,0.0004427131165617,8562678507013604755,train,-3.3538776106934343,-3.3396199,0.01425773573921063,-3.342379570007324
-2.2,9.304065850268983e-10,2472.4930947482308,495.539662311,41.9345213676303,296.5403011366731,0.0005210658877985304,1906069974405082520,train,-3.2831073575102407,-3.2827406,0.0003667645536977737,-3.287104368209839
-1.6,9.808684991835892e-10,2440.440905080504,475.02919518003887,43.13862383173334,296.64614602139693,0.0005206605887809385,10893922623691634355,train,-3.2834452948473434,-3.2884676,0.005022350797798225,-3.2865052223205566
-2.8000000000000003,1.120623623770265e-09,2459.871490367434,512.0011452017391,38.21649432972869,303.56534322943094,0.000520990960104748,2671493380122846465,train,-3.283169812229622,-3.2849853,0.001815491649162393,-3.2846479415893555
-1.6,1.0308127820747194e-09,2437.7200106987866,482.5972990901911,40.648465379108416,299.4728047413536,0.0005170933251950971,18026431441542812131,train,-3.28643106820288,-3.2941473,0.007716184833618911,-3.2888381481170654
-2.6,1.0728366895058958e-09,2396.471193900285,522.5703607996403,39.66536493364173,302.3426017448898,0.000526991529938474,10539271283961051071,train,-3.2781963649213117,-3.28301,0.0048136410296160115,-3.2791748046875
0.0,1.013177684158949e-09,2549.0982526102403,506.5025106580401,39.7132385315927,304.62183232922587,0.0004420545291213,14934561482547682078,train,-3.354524155456769,-3.3575065,0.0029823581388122022,-3.355835437774658
-3.0,1.0727510291740675e-09,2408.6350240081065,515.7307920217833,36.322106531247385,300.55707391972635,0.0005094649849377745,16501516911797089168,train,-3.2928856592942033,-3.296355,0.003469349784776199,-3.2852134704589844
-0.4,9.63679966987411e-10,2457.046368424285,519.0454313677445,40.52844947169319,303.263443359763,0.000473635743878704,17951410366048416543,train,-3.324555530137508,-3.3237958,0.0007597346968339913,-3.3225176334381104
0.0,7.516487326049726e-10,2475.0294016619155,481.8667099014746,36.16652897024234,304.10393187120707,0.0004305286276418,4556256472297801959,train,-3.3659979652010366,-3.3582726,0.007725412710802182,-3.360724925994873
-1.6,9.162514515645111e-10,2366.748252214537,515.4599435910573,36.43861892729903,303.676124223718,0.00048473010440264,17492872546512810480,train,-3.3145000073662647,-3.2995024,0.014997634624565492,-3.3071296215057373
-1.6,1.1395831540373824e-09,2538.761869465952,510.72502895181066,40.87821813200619,300.974125232131,0.0005067030030512566,3684234868495982631,train,-3.2952465217903932,-3.296708,0.0014615852042356714,-3.2939515113830566
-1.4,9.58904338765352e-10,2486.667922677388,495.3304947031063,40.43386356777175,305.1954997344612,0.0005089076053858144,13052852389533457310,train,-3.293361058750578,-3.3020477,0.008686670741609337,-3.2980282306671143
-1.8,9.143704143090119e-10,2444.5179463100326,473.4138143725302,40.94136333558407,299.94201571725745,0.0005065106971064661,11714911050137312102,train,-3.2954113782498933,-3.2921903,0.0032210649106598765,-3.2941651344299316
-2.6,8.220747042076196e-10,2489.354974528123,536.8974000619587,36.589080383233394,294.68809277779184,0.0005068748526352543,13344013943894260190,train,-3.2950992547080586,-3.296929,0.0018296278908183083,-3.292397975921631
-2.4000000000000004,1.25959298622376e-09,2354.3009197629594,499.1918367180637,40.77134716523017,305.22981462209646,0.0005255782800016026,128968913270984251,train,-3.2793625906902073,-3.2870767,0.007714120964455784,-3.2806010246276855
-0.8,8.758150413106088e-10,2554.792538970499,492.8309420700668,37.207464786418186,297.95471711920453,0.0004737718514932316,14100953261967155807,train,-3.3244307458595905,-3.3218756,0.0025551736550006865,-3.319840431213379
0.0,1.0806933086411387e-09,2604.781653428076,466.5836923998952,39.33731057072893,297.69705044733973,0.0004436032024254,3371631208540637995,train,-3.3530053272869447,-3.3590024,0.005997024473919588,-3.352128028869629
-3.0,1.0191682032973931e-09,2560.240612715575,475.6482256289376,41.11142736058992,291.8506686301862,0.000524436930480169,14547390297170085011,train,-3.280306733192821,-3.2705266,0.009780085625072044,-3.276095151901245
-1.0,1.0933784852654091e-09,2410.884334287086,539.0569290920441,39.62193192256099,289.3285700165644,0.0004963097211359844,16519722322841066187,train,-3.304247218265563,-3.297865,0.0063823043251334255,-3.296834707260132
-2.8000000000000003,9.143704143090119e-10,2444.5179463100326,473.4138143725302,40.94136333558407,299.94201571725745,0.0005213211289224159,11714911050137312102,train,-3.2828946729466466,-3.2758005,0.007094206409171022,-3.281045913696289
-0.2,9.682475573035431e-10,2330.6047518253104,479.0686974559265,41.64371883461047,301.63426669668445,0.0004685025753024932,13640118791446356878,train,-3.329288017504937,-3.3240004,0.005287658923394112,-3.3316354751586914
-0.8,1.000096056099185e-09,2446.239819629679,503.61049666576776,43.101977222602514,303.9832024614659,0.0004950713507353362,13944279034983237670,train,-3.3053322051117724,-3.3034337,0.0018985484192675095,-3.3060991764068604
-1.8,1.1395831540373824e-09,2538.761869465952,510.72502895181066,40.87821813200619,300.974125232131,0.0005106079884368344,3684234868495982631,train,-3.2919123949628353,-3.2941282,0.002215784587335623,-3.291578769683838
-1.6,1.0025105539620802e-09,2526.9743060678943,509.1946075584183,40.75166342427999,301.0515477079729,0.0005061653656971272,15180030701036252205,train,-3.295707574707627,-3.2965724,0.0008648721154931316,-3.2929611206054688
-2.2,1.120623623770265e-09,2459.871490367434,512.0011452017391,38.21649432972869,303.56534322943094,0.0005130458229370186,2671493380122846465,train,-3.289843843933121,-3.2910116,0.0011677279510342586,-3.2932448387145996
0.0,1.0060692139373963e-09,2527.3807724384133,522.7157534573084,43.167246359099664,298.50956140834,0.0004550068232473,1367897570274288222,train,-3.341982090647432,-3.3469558,0.004973685567167596,-3.3354666233062744
-2.2,1.104689398918354e-09,2572.8324404304963,485.2307246352714,40.714467773434976,300.93677074401546,0.0005175578727951517,9216328605101287225,train,-3.2860410807883116,-3.2879205,0.0018793942177919298,-3.2875094413757324
-0.6000000000000001,1.0455070732925304e-09,2552.705145034877,518.1497095238773,37.60227540602951,298.4772867617408,0.00046482742259741725,13753303497944442308,train,-3.332708258562154,-3.329313,0.0033952187824910496,-3.323007822036743
-1.6,9.926993823896762e-10,2332.1716999604114,489.929360905385,39.90607827400121,296.137708789732,0.0005022965262674658,8562678507013604755,train,-3.2990398252808006,-3.288362,0.010677799066201032,-3.2921111583709717
-2.4000000000000004,9.808684991835892e-10,2440.440905080504,475.02919518003887,43.13862383173334,296.64614602139693,0.0005344463560961896,10893922623691634355,train,-3.272095879642442,-3.2776294,0.005533495815321476,-3.2754600048065186
-0.8,1.0375673846448864e-09,2379.4103992541063,496.85223216497695,39.047727684139495,305.18782525816323,0.0004823571698995504,3141391476646313355,train,-3.3166312616101874,-3.313731,0.0029003064862860306,-3.3115968704223633
-0.4,1.1396379394271226e-09,2408.4924726992253,490.0725825278824,43.06550150160359,292.35304316269765,0.0004838606963489075,10954724855113224492,train,-3.3152796538823557,-3.3032186,0.012061050748200408,-3.3126909732818604
-2.8000000000000003,1.0040157435828723e-09,2421.1156291426087,502.3421578152334,38.33334239027114,293.10089722857373,0.0005289078751564558,12886194249589357920,train,-3.2766199665194335,-3.2838206,0.0072006626004395,-3.2792837619781494
-1.6,1.0050101529814667e-09,2449.206992526188,478.70441149946606,40.80112322251315,299.2329513672896,0.000511668812600874,15255519671477510073,train,-3.2910110534756485,-3.2941318,0.0031207023532089373,-3.291391134262085
0.0,1.1762312017058683e-09,2610.23254556298,515.3751788116352,39.24041391228537,297.93305834844136,0.0004391155922059,7155552337602576564,train,-3.357421141604886,-3.3580434,0.0006222906308317455,-3.3538730144500732
-2.4000000000000004,1.000096056099185e-09,2446.239819629679,503.61049666576776,43.101977222602514,303.9832024614659,0.0005305110551596103,13944279034983237670,train,-3.275305561536835,-3.2869477,0.011642165666533977,-3.279414653778076
-0.8,9.920951194363948e-10,2484.0228854962547,482.5603784265586,38.422268984819695,304.0303353891022,0.00047746808487445066,2314355766595058403,train,-3.3210556524072334,-3.3210216,3.4095552985391464e-05,-3.3147830963134766
0.0,1.1942019403763875e-09,2464.50260258804,490.2741317287723,40.32854625878799,294.3650499716886,0.0004503152425647,11892504857466714026,train,-3.3464833525047486,-3.348304,0.0018206807746703468,-3.3467743396759033
-2.6,9.16382362452114e-10,2549.3338723326283,483.7915671011157,41.484417545989686,302.7283665488111,0.0005172533750754043,779010489516208886,train,-3.286296666883896,-3.2814827,0.004813970350693086,-3.285466432571411
-0.4,1.0375673846448864e-09,2379.4103992541063,496.85223216497695,39.047727684139495,305.18782525816323,0.00046651864598167155,3141391476646313355,train,-3.331130993535662,-3.3285909,0.0025401236320976572,-3.32489013671875
-1.8,1.0203477325736783e-09,2420.870896846657,485.827773341465,41.83782044136868,301.83723728961854,0.0005234504142861352,4106527973129540887,train,-3.281124452135781,-3.2929153,0.011790892102500283,-3.2878546714782715
-2.2,1.066709170571727e-09,2302.646144768272,474.8978179470865,37.69553984942066,294.1521471075916,0.0005127396089786515,3765765162242439701,train,-3.290103132147231,-3.285893,0.004210168737807329,-3.289062738418579
-1.6,9.596807973870107e-10,2396.380469719385,547.2442070596833,39.34847113068841,298.5552181462747,0.0005091143927633979,16164245777420927440,train,-3.2931846251992205,-3.2903845,0.0028000941781023414,-3.2874443531036377
-1.4,9.123213222215395e-10,2625.69228411366,506.617977618184,38.92442853409919,306.1252360546967,0.00048746466471052936,2928394120619732261,train,-3.31205685991912,-3.3038573,0.008199533411551663,-3.3092033863067627
-3.0,1.0789603531824067e-09,2367.1936347140645,478.9001778930339,37.12870103512795,297.3410066095633,0.0005287611422446985,4747465828158748725,train,-3.2767404679111736,-3.2896695,0.012929045791219007,-3.2812533378601074
-0.2,1.1459805246638944e-09,2630.825732937456,497.4739907663986,41.26661222078493,300.2753689300697,0.0004502911161650484,12849312948239067464,train,-3.346506621188426,-3.3403442,0.00616243059089161,-3.339949131011963
-2.8000000000000003,1.075576112436465e-09,2439.1914792405805,507.5653121861305,41.43318212059344,299.0815860986159,0.0005243572319085081,8793357247245534573,train,-3.2803727378507332,-3.2752028,0.005169986691065276,-3.2769083976745605
-2.6,1.0789603531824067e-09,2367.1936347140645,478.9001778930339,37.12870103512795,297.3410066095633,0.0005240919648439974,4747465828158748725,train,-3.280592498665397,-3.28821,0.007617416495735885,-3.285215377807617
-1.4,1.0375673846448864e-09,2379.4103992541063,496.85223216497695,39.047727684139495,305.18782525816323,0.0004986658967448517,3141391476646313355,train,-3.3021903317254186,-3.2993057,0.0028846543114782186,-3.2977852821350098
-2.8000000000000003,1.0147448677929011e-09,2607.8117384734032,505.1107398178068,40.31257836583995,298.21936914217434,0.0005253737771887194,833253205382390921,train,-3.27953160780889,-3.277462,0.0020696021936554843,-3.2824857234954834
-1.8,9.63679966987411e-10,2457.046368424285,519.0454313677445,40.52844947169319,303.263443359763,0.0005152514819062172,17951410366048416543,train,-3.2879807504798175,-3.2931535,0.005172773918986184,-3.2891628742218018
-0.4,9.304065850268983e-10,2472.4930947482308,495.539662311,41.9345213676303,296.5403011366731,0.0004733049360463137,1906069974405082520,train,-3.3248589662979087,-3.3175175,0.007341447300716286,-3.3234751224517822
-2.8000000000000003,9.344027379399094e-10,2510.734791451186,511.4018674256231,36.36815079533651,301.4558439858307,0.0005039879375075224,13370015301709921327,train,-3.2975798578731492,-3.2926452,0.004934641884990043,-3.294597625732422
-2.8000000000000003,8.89459518994858e-10,2383.601346469497,502.4892009812192,38.55163090195673,309.2198732722366,0.0005211418536840515,3483175946691254694,train,-3.2830440465912365,-3.2881231,0.005079084207103346,-3.2871334552764893
-1.6,9.920951194363948e-10,2484.0228854962547,482.5603784265586,38.422268984819695,304.0303353891022,0.0004983619571767578,2314355766595058403,train,-3.302455117269423,-3.3001122,0.002342869802382186,-3.297811508178711
-2.4000000000000004,8.354324428057497e-10,2430.182491588309,507.603602235917,36.73791801396338,295.61725668807514,0.0005087563826339818,10829525609740651031,train,-3.2934901292648457,-3.2931223,0.0003678376999043387,-3.294165849685669
-1.2000000000000002,1.0375673846448864e-09,2379.4103992541063,496.85223216497695,39.047727684139495,305.18782525816323,0.000493901357669837,3141391476646313355,train,-3.3063597800184312,-3.3024921,0.0038676382947984145,-3.3015854358673096
-2.6,9.123213222215395e-10,2625.69228411366,506.617977618184,38.92442853409919,306.1252360546967,0.0005084246987643943,2928394120619732261,train,-3.2937733600131125,-3.2833748,0.01039857363615937,-3.2934305667877197
-2.2,1.006938037138553e-09,2476.033687734913,499.8883185243343,35.52248114367448,306.4489109295662,0.0005095864074041742,11533471517763731933,train,-3.2927821647937643,-3.29651,0.00372781636163122,-3.2963554859161377
-2.6,1.0727510291740675e-09,2408.6350240081065,515.7307920217833,36.322106531247385,300.55707391972635,0.0005047871152618035,16501516911797089168,train,-3.296891739029602,-3.2936964,0.0031953355261840066,-3.2897629737854004
-2.8000000000000003,1.0375673846448864e-09,2379.4103992541063,496.85223216497695,39.047727684139495,305.18782525816323,0.0005212263578290865,3141391476646313355,train,-3.282973630621982,-3.2844229,0.0014492438287017073,-3.2816896438598633
-1.4,9.162514515645111e-10,2366.748252214537,515.4599435910573,36.43861892729903,303.676124223718,0.00048061517670357624,17492872546512810480,train,-3.318202519311251,-3.3022044,0.015998148812593982,-3.3098273277282715
-2.8000000000000003,1.1942019403763875e-09,2464.50260258804,490.2741317287723,40.32854625878799,294.3650499716886,0.0005300372063923832,11892504857466714026,train,-3.2756936436751363,-3.2748375,0.0008561497786518935,-3.2765438556671143
-1.8,1.1774606839117e-09,2487.5677489208106,509.6158544320055,42.33569419095241,299.8381908200232,0.0005105716999370231,14988660033747214345,train,-3.291943261019829,-3.2914097,0.000533530108574265,-3.2892696857452393
-2.6,1.0942344693420075e-09,2360.838758300681,491.3731844386217,39.51420947268076,305.7035776891924,0.0005279347365692744,3134241803077969267,train,-3.2774197617458856,-3.2864208,0.009001060397669125,-3.2824018001556396
-3.0,9.74908016407874e-10,2433.9347159425315,536.1873069142775,40.58953669016749,293.2225739384997,0.0005417571697935941,18393380424088899902,train,-3.2661953323732766,-3.2742217,0.0080263263333884,-3.2669715881347656
-2.6,9.162514515645111e-10,2366.748252214537,515.4599435910573,36.43861892729903,303.676124223718,0.000500141906531044,17492872546512810480,train,-3.3009067547050943,-3.2930133,0.007893420430802323,-3.2955217361450195
-0.2,9.50582857470194e-10,2403.738957653681,492.6388454667692,37.10727035463277,300.4554170460457,0.00045859090262297374,9184494546452176042,train,-3.3385745649131686,-3.3415058,0.0029312010017483736,-3.3389968872070312
-1.6,8.762920771795992e-10,2597.67569731618,502.646286170094,38.978559546027874,295.06946514256083,0.0004911163168917092,2033506848451370756,train,-3.308815636590629,-3.2972372,0.011578478768973888,-3.302865743637085
-2.4000000000000004,9.85546704036472e-10,2573.0239327697072,479.3922741661716,39.9154735600532,295.8292447353602,0.0005109940717834805,12112510911978131146,train,-3.2915841382344775,-3.2823431,0.009240989049296822,-3.2890625
-2.8000000000000003,9.136850961862703e-10,2400.1705034771794,499.3175315176618,39.85562670167986,300.93280864091923,0.0005201573090858612,689847661215077168,train,-3.2838652945646984,-3.2793808,0.004484496224854695,-3.2828209400177
-0.8,1.0942344693420075e-09,2360.838758300681,491.3731844386217,39.51420947268076,305.7035776891924,0.0004910861886799235,3134241803077969267,train,-3.3088422798053596,-3.312115,0.003272674189391367,-3.310061454772949
-2.4000000000000004,8.75983736068783e-10,2627.978517028968,489.37942559949954,40.91913452211564,297.20307373531364,0.0005142174623346609,5144607327742428380,train,-3.2888531792162743,-3.2821317,0.006721507310756714,-3.285414934158325
-2.6,1.018423641836786e-09,2420.2103352289205,495.3862399264609,39.18777263938059,307.5354074756815,0.0005136510768358686,9985116505034206452,train,-3.289331797078924,-3.287761,0.0015708241022394098,-3.2855076789855957
-2.4000000000000004,1.006299553709699e-09,2596.53014928976,491.578961058072,40.01001805266426,305.28831051478386,0.0005109562503345572,6325844468188908084,train,-3.291616283919482,-3.2868447,0.004771553542284757,-3.291670799255371
-2.6,9.928313705154955e-10,2556.196978076177,523.0189213691006,40.51326020590248,298.8914974420704,0.0005266189377228838,903425415547655004,train,-3.2785035273023677,-3.2807448,0.002241263728516074,-3.2789008617401123
-0.4,9.682475573035431e-10,2330.6047518253104,479.0686974559265,41.64371883461047,301.63426669668445,0.00047937952184233545,13640118791446356878,train,-3.319320522118861,-3.3163261,0.002994380761438986,-3.3205597400665283
-1.2000000000000002,1.000096056099185e-09,2446.239819629679,503.61049666576776,43.101977222602514,303.9832024614659,0.000507217683452031,13944279034983237670,train,-3.2948056137782102,-3.29652,0.001714380957507533,-3.2961761951446533
-2.4000000000000004,9.920951194363948e-10,2484.0228854962547,482.5603784265586,38.422268984819695,304.0303353891022,0.0005118357883038536,2314355766595058403,train,-3.2908693508843845,-3.2881806,0.0026887612084811607,-3.288188934326172
-1.8,9.725086180844783e-10,2468.017331565751,490.28733545372194,44.50977871149023,303.263152322465,0.0005198009660984358,3744802582600429992,train,-3.2841629176575733,-3.2952383,0.011075338796894485,-3.287785053253174
-0.4,1.0705485436227222e-09,2590.7468930890127,531.0534862964538,41.61731424149927,306.85396396460635,0.00047408918061741476,4155552024635161694,train,-3.3241399557794837,-3.3277595,0.0036195485387535697,-3.3266472816467285
-1.8,1.2225799825820127e-09,2598.953191343567,516.8045118894966,39.85430360518959,306.74502895459364,0.0005008292793784126,17234994038809733169,train,-3.300310289420681,-3.297486,0.002824222602443527,-3.3010318279266357
0.0,9.162514515645111e-10,2366.748252214537,515.4599435910573,36.43861892729903,303.676124223718,0.0004258660467626,17492872546512810480,train,-3.370726983761539,-3.34458,0.026147048687686247,-3.3605763912200928
-1.8,1.0073410050818803e-09,2574.374612551252,485.6872921198837,42.17824256593523,298.72995545788456,0.0005120875987635423,9029148243980292461,train,-3.2906557413571207,-3.2924728,0.0018170979983480606,-3.29004168510437
-0.2,9.808684991835892e-10,2440.440905080504,475.02919518003887,43.13862383173334,296.64614602139693,0.00047144028549004117,10893922623691634355,train,-3.3265733089171667,-3.32367,0.002903398486258535,-3.3275680541992188
-1.8,1.0044736023004086e-09,2276.4853940628345,486.8441992232576,38.23677890677304,298.10055132439214,0.0005119319908648614,15363031408316951214,train,-3.290787730340422,-3.289718,0.0010698176664716286,-3.292083740234375
-1.0,8.584521018906483e-10,2718.2749419682723,482.1832227724541,38.88005077046229,301.691940704981,0.00047963750928607484,3494250555080783753,train,-3.319086860938126,-3.312742,0.006344866080338019,-3.318298578262329
-1.6,1.032683367538443e-09,2526.170348943833,478.8149532207128,42.09307571557734,293.4443281911712,0.0005127955745885225,12981595077382156139,train,-3.2900557314223082,-3.288234,0.001821735984686157,-3.2893829345703125
-0.6000000000000001,9.89963136259949e-10,2542.7024133885266,503.0087467521194,39.0211226249472,305.0510216058231,0.0004675393292231671,380264510751012186,train,-3.3301818505750402,-3.3283954,0.0017864839063390647,-3.3208396434783936
-3.0,9.595802013951228e-10,2610.2949574222403,489.9218602044182,42.219532217947325,302.0841812978663,0.0005301866742969138,11643629726484600332,train,-3.2755711920160637,-3.2720356,0.0035355932611809138,-3.274200201034546
-0.2,8.599648780937921e-10,2637.8899539670565,501.9551856304757,39.90381821426863,300.9815905741297,0.00044615234559321345,14435728251762431223,train,-3.350516819420086,-3.3432539,0.007262968483196186,-3.3469579219818115
-2.4000000000000004,1.0040157435828723e-09,2421.1156291426087,502.3421578152334,38.33334239027114,293.10089722857373,0.0005237773445788251,12886194249589357920,train,-3.280853290441502,-3.2856789,0.004825573083888646,-3.283954620361328
-1.4,1.0203477325736783e-09,2420.870896846657,485.827773341465,41.83782044136868,301.83723728961854,0.0005151454408405386,4106527973129540887,train,-3.2880701394304737,-3.2966573,0.008587184406806614,-3.2920305728912354
-0.2,8.75983736068783e-10,2627.978517028968,489.37942559949954,40.91913452211564,297.20307373531364,0.00045165655266746435,5144607327742428380,train,-3.345191684608626,-3.3379066,0.007285085563826232,-3.3368523120880127
-1.0,1.0025105539620802e-09,2526.9743060678943,509.1946075584183,40.75166342427999,301.0515477079729,0.0004912665642222403,15180030701036252205,train,-3.308682793096848,-3.3068805,0.001802319006271702,-3.304551601409912
-1.4,8.762920771795992e-10,2597.67569731618,502.646286170094,38.978559546027874,295.06946514256083,0.00048685859978785687,2033506848451370756,train,-3.3125971542857444,-3.300423,0.012174247410134065,-3.304940700531006
-1.6,1.0073410050818803e-09,2574.374612551252,485.6872921198837,42.17824256593523,298.72995545788456,0.0005081073792658302,9029148243980292461,train,-3.29404449776603,-3.2950795,0.0010349719147559888,-3.2921581268310547
-1.8,1.075576112436465e-09,2439.1914792405805,507.5653121861305,41.43318212059344,299.0815860986159,0.0005094879840750601,8793357247245534573,train,-3.2928660540744983,-3.2899003,0.0029657511875353926,-3.289741277694702
-3.0,8.758150413106088e-10,2554.792538970499,492.8309420700668,37.207464786418186,297.95471711920453,0.0005158380099517185,14100953261967155807,train,-3.2874866596697974,-3.2899287,0.0024420150280786146,-3.2886557579040527
-1.8,1.0941860864671191e-09,2539.112215454232,503.69324532533454,39.339075937042885,294.39428351617613,0.0005125028247005412,12823118457006761398,train,-3.2903037366166425,-3.2924953,0.0021915140852617476,-3.292567253112793
-3.0,1.0941860864671191e-09,2539.112215454232,503.69324532533454,39.339075937042885,294.39428351617613,0.0005295144706585093,12823118457006761398,train,-3.2761221669233196,-3.2798703,0.003748104759419668,-3.277207136154175
-1.6,9.304065850268983e-10,2472.4930947482308,495.539662311,41.9345213676303,296.5403011366731,0.0005104378960941463,1906069974405082520,train,-3.2920570900595902,-3.2904134,0.0016437103904007877,-3.2949378490448
-0.4,1.0352580576007263e-09,2678.9547588546675,473.131828680381,34.826156523967086,290.8089263982084,0.00044944089892287706,603198139025932464,train,-3.3473274095129697,-3.352696,0.00536853241207913,-3.3398120403289795
-1.6,1.2307353848142815e-09,2445.249484887284,482.48119148575233,42.87746783295031,307.55593866537106,0.0005126152088924757,15038946426069692038,train,-3.2902085127828857,-3.3010206,0.010812109470532238,-3.292179584503174
-0.6000000000000001,8.762920771795992e-10,2597.67569731618,502.646286170094,38.978559546027874,295.06946514256083,0.0004633479556475977,2033506848451370756,train,-3.334092748803278,-3.323912,0.010180843514581817,-3.3259687423706055
-1.0,1.1762312017058683e-09,2610.23254556298,515.3751788116352,39.24041391228537,297.93305834844136,0.0004863300850473917,7155552337602576564,train,-3.313068863547331,-3.3104203,0.0026485888128338075,-3.3101229667663574
-2.2,1.0352580576007263e-09,2678.9547588546675,473.131828680381,34.826156523967086,290.8089263982084,0.0004955866152382398,603198139025932464,train,-3.304880431526545,-3.3141432,0.009262749320622987,-3.3000547885894775
0.0,1.018423641836786e-09,2420.2103352289205,495.3862399264609,39.18777263938059,307.5354074756815,0.0004362216730268,9985116505034206452,train,-3.3602927609441156,-3.3483932,0.011899559116112624,-3.349076986312866
-0.6000000000000001,9.979877857013674e-10,2496.537246315292,510.00187244466247,38.795972505421744,297.7961123434831,0.00047081870134266235,1378160361063041439,train,-3.3271462949182036,-3.3232446,0.0039017232324125573,-3.3217506408691406
-3.0,8.220747042076196e-10,2489.354974528123,536.8974000619587,36.589080383233394,294.68809277779184,0.0005116167321314349,13344013943894260190,train,-3.29105526060948,-3.3003573,0.009302081156877584,-3.2875447273254395
-2.4000000000000004,1.0803651442869379e-09,2531.060987167743,511.9316238370674,40.66002705988115,288.1838349540611,0.0005306825704819114,17485459239320075305,train,-3.275165175924095,-3.2808936,0.005728388300147991,-3.2782180309295654
-0.6000000000000001,8.589969950121182e-10,2505.474763633521,514.8627810246533,39.90795077029272,306.8673078749587,0.000467352591463805,8372103036707258832,train,-3.330355344810551,-3.3233755,0.0069798813248334035,-3.3270039558410645
-2.4000000000000004,9.798133860644783e-10,2446.0111249981446,493.4775434169566,39.325337668236735,299.6111127589073,0.0005230247657066324,7157631882990673600,train,-3.281477746400254,-3.2846944,0.0032166868120264702,-3.283937692642212
-2.6,9.58904338765352e-10,2486.667922677388,495.3304947031063,40.43386356777175,305.1954997344612,0.0005301173531837396,13052852389533457310,train,-3.2756279790812703,-3.2844474,0.008819452483060708,-3.282923936843872
-2.8000000000000003,9.756514716409811e-10,2404.497548871577,500.9208966540563,41.62971960161597,300.52976098251094,0.0005353977263180477,7311808897764695838,train,-3.271323477470383,-3.2758977,0.0045742638473660335,-3.2738089561462402
-0.8,1.0050965165320695e-09,2414.3235243349927,515.5034020410067,40.79653471954481,301.4383600393062,0.0004904144583384479,18237334030368139870,train,-3.3094367344846587,-3.3056846,0.0037521679868559588,-3.3071537017822266
-1.0,9.220148370062531e-10,2472.3739758500788,504.5088858703008,41.28793476116813,303.0641722996054,0.0004869573625154405,7538273554073210114,train,-3.3125090634977217,-3.305018,0.007491115347086907,-3.3109822273254395
-2.0,1.0040157435828723e-09,2421.1156291426087,502.3421578152334,38.33334239027114,293.10089722857373,0.0005177818354904981,12886194249589357920,train,-3.2858531892905165,-3.2895248,0.0036716043343614224,-3.2889604568481445
-1.0,1.120623623770265e-09,2459.871490367434,512.0011452017391,38.21649432972869,303.56534322943094,0.00048823443620844815,2671493380122846465,train,-3.3113715921292473,-3.3108203,0.0005512510190177622,-3.313427209854126
-2.6,1.032683367538443e-09,2526.170348943833,478.8149532207128,42.09307571557734,293.4443281911712,0.000529233257546153,12981595077382156139,train,-3.2763528721282587,-3.2731528,0.0032000439117059187,-3.2751238346099854
-1.2000000000000002,1.0025105539620802e-09,2526.9743060678943,509.1946075584183,40.75166342427999,301.0515477079729,0.0004968570948976955,15180030701036252205,train,-3.3037685042681124,-3.3024664,0.0013021117510225722,-3.299393892288208
-0.4,1.2307353848142815e-09,2445.249484887284,482.48119148575233,42.87746783295031,307.55593866537106,0.00047488841969279964,15038946426069692038,train,-3.3234084206998,-3.324721,0.0013126772463669667,-3.324063777923584
-1.2000000000000002,9.725086180844783e-10,2468.017331565751,490.28733545372194,44.50977871149023,303.263152322465,0.0005064126026033149,3744802582600429992,train,-3.2954954949872,-3.297318,0.001822486732770745,-3.2963709831237793
-1.0,9.162514515645111e-10,2366.748252214537,515.4599435910573,36.43861892729903,303.676124223718,0.0004707930485077074,17492872546512810480,train,-3.3271699583541596,-3.3116677,0.015502277613803184,-3.3177263736724854
-1.4,1.0692616090001279e-09,2445.881237248077,515.6238842072526,38.37558042728467,295.9516778251947,0.0005010173232691847,2860266914913243763,train,-3.3001472576254716,-3.2986653,0.0014819725149979313,-3.299168586730957
-1.6,1.0789603531824067e-09,2367.1936347140645,478.9001778930339,37.12870103512795,297.3410066095633,0.0005084719225702069,4747465828158748725,train,-3.293733023487524,-3.297313,0.0035799514422856227,-3.2962074279785156
-1.2000000000000002,1.018423641836786e-09,2420.2103352289205,495.3862399264609,39.18777263938059,307.5354074756815,0.0004887646237231079,9985116505034206452,train,-3.3109002354124666,-3.3050535,0.005846762893545687,-3.3023557662963867
-1.2000000000000002,8.220747042076196e-10,2489.354974528123,536.8974000619587,36.589080383233394,294.68809277779184,0.0004822003061822609,13344013943894260190,train,-3.3167725181949312,-3.310574,0.006198463476913663,-3.3093678951263428
-0.8,1.1774606839117e-09,2487.5677489208106,509.6158544320055,42.33569419095241,299.8381908200232,0.00048578824105628693,14988660033747214345,train,-3.313553001894361,-3.3053358,0.008217241777783713,-3.310009002685547
0.0,1.0941860864671191e-09,2539.112215454232,503.69324532533454,39.339075937042885,294.39428351617613,0.0004465537471836,12823118457006761398,train,-3.3501262619703467,-3.353316,0.003189806678945306,-3.348013401031494
-1.0,1.2307353848142815e-09,2445.249484887284,482.48119148575233,42.87746783295031,307.55593866537106,0.0004977673706649877,15038946426069692038,train,-3.302973575394339,-3.30644,0.003466539580636585,-3.3031046390533447
-3.0,1.0732744646319759e-09,2458.1779927472685,500.451348042105,41.29986197643443,296.3385514465405,0.0005269436082678321,15854623793106210877,train,-3.2782358590351013,-3.270881,0.00735492145880734,-3.275670289993286
-0.4,1.0941860864671191e-09,2539.112215454232,503.69324532533454,39.339075937042885,294.39428351617613,0.00047174994549660737,12823118457006761398,train,-3.3262881413390226,-3.3280373,0.0017491206238680057,-3.324082374572754
-1.8,9.162514515645111e-10,2366.748252214537,515.4599435910573,36.43861892729903,303.676124223718,0.0004884206125965214,17492872546512810480,train,-3.311206016004741,-3.2974927,0.013713273466288811,-3.30460262298584
0.0,9.136850961862703e-10,2400.1705034771794,499.3175315176618,39.85562670167986,300.93280864091923,0.0004397447068302,689847661215077168,train,-3.3567993794049436,-3.345923,0.01087643247501191,-3.353058338165283
-2.0,1.006938037138553e-09,2476.033687734913,499.8883185243343,35.52248114367448,306.4489109295662,0.0005063821053348845,11533471517763731933,train,-3.295521649933099,-3.2982876,0.00276598014807794,-3.298783779144287
-1.8,9.89963136259949e-10,2542.7024133885266,503.0087467521194,39.0211226249472,305.0510216058231,0.000499810230946472,380264510751012186,train,-3.3011948582573454,-3.2969115,0.004283380214742838,-3.2970385551452637
-1.6,1.0692616090001279e-09,2445.881237248077,515.6238842072526,38.37558042728467,295.9516778251947,0.0005052576656063045,2860266914913243763,train,-3.2964870887869004,-3.2958024,0.0006847339742783731,-3.296454429626465
-1.8,8.354324428057497e-10,2430.182491588309,507.603602235917,36.73791801396338,295.61725668807514,0.0004995791677960704,10829525609740651031,train,-3.30139567978518,-3.297833,0.003562713934349926,-3.3000025749206543
-2.8000000000000003,8.979123523428992e-10,2531.360993910196,491.918494232159,35.793021097389925,308.86985058095934,0.0005239459290561169,579736006479800074,train,-3.280713529665548,-3.2916589,0.01094534866086816,-3.289541482925415
-0.2,1.0727510291740675e-09,2408.6350240081065,515.7307920217833,36.322106531247385,300.55707391972635,0.0004440714369881276,16501516911797089168,train,-3.3525471600786902,-3.3420405,0.01050662129084845,-3.3419487476348877
-2.4000000000000004,9.603042271636284e-10,2438.0715583385486,503.6957420101608,43.08491203323523,298.5763734449834,0.0005320218105428371,2124884718484563516,train,-3.2740705631857043,-3.2802951,0.006224570404993912,-3.274719476699829
-2.4000000000000004,8.622252758820395e-10,2596.9228583838576,499.2028055441836,37.99663516660689,298.18972265332246,0.0005124397976500164,7681735671422946543,train,-3.2903571489729853,-3.2880797,0.002277410356041898,-3.292773723602295
-0.4,9.244750759855351e-10,2606.766252024905,514.7015322051607,39.36697999872778,300.425811364213,0.00046546886894760004,13867644369009061341,train,-3.332109359787645,-3.3338785,0.0017691573632339086,-3.3355400562286377
-1.6,1.0933784852654091e-09,2410.884334287086,539.0569290920441,39.62193192256099,289.3285700165644,0.0005104632060921328,16519722322841066187,train,-3.2920355561569603,-3.2893748,0.0026607278183372607,-3.2859020233154297
-1.4,9.725086180844783e-10,2468.017331565751,490.28733545372194,44.50977871149023,303.263152322465,0.0005113959800944997,3744802582600429992,train,-3.2912426901337706,-3.2964756,0.005232958746234306,-3.292722225189209
-0.2,9.89297888860932e-10,2413.8801533334354,510.75595836241,38.53132745549709,285.1813868750008,0.00046132939808129597,6508029577517650568,train,-3.335988869220746,-3.3272731,0.008715738803875883,-3.335850477218628
-0.8,9.162514515645111e-10,2366.748252214537,515.4599435910573,36.43861892729903,303.676124223718,0.0004648394132832992,17492872546512810480,train,-3.332697055648353,-3.3191226,0.013574502776648956,-3.323406934738159
-0.6000000000000001,1.0071535471770136e-09,2369.635821802133,538.5091665951578,40.65637295368661,296.23853018587084,0.0004897302685642047,6305389621858259219,train,-3.3100430528856775,-3.3035607,0.006482319090511446,-3.3060073852539062
-2.2,9.42387899986183e-10,2596.3418775504824,506.9916211367261,42.54178389838287,305.55199671356803,0.0005135857782289828,3392607520233113049,train,-3.2893870108780487,-3.2929008,0.00351378982690731,-3.291731119155884
-2.0,8.584521018906483e-10,2718.2749419682723,482.1832227724541,38.88005077046229,301.691940704981,0.0005026363136976489,3494250555080783753,train,-3.298746138368196,-3.2911131,0.007633000169343429,-3.3015592098236084
-2.0,9.682475573035431e-10,2330.6047518253104,479.0686974559265,41.64371883461047,301.63426669668445,0.0005240793712844884,13640118791446356878,train,-3.2806029345802403,-3.2881947,0.007591721791829986,-3.2848711013793945
-1.0,9.926993823896762e-10,2332.1716999604114,489.929360905385,39.90607827400121,296.137708789732,0.0004882946862883762,8562678507013604755,train,-3.3113180017617356,-3.2976801,0.013637862220109653,-3.3015623092651367
0.0,8.584521018906483e-10,2718.2749419682723,482.1832227724541,38.88005077046229,301.691940704981,0.0004301809219551,3494250555080783753,train,-3.366348853998182,-3.363613,0.0027359637546515714,-3.3627805709838867
-0.6000000000000001,1.006299553709699e-09,2596.53014928976,491.578961058072,40.01001805266426,305.28831051478386,0.00046848431988171164,6325844468188908084,train,-3.3293049403211517,-3.3287294,0.0005755492231291903,-3.3246254920959473
-2.4000000000000004,1.2307353848142815e-09,2445.249484887284,482.48119148575233,42.87746783295031,307.55593866537106,0.0005263241755974845,15038946426069692038,train,-3.278746681118105,-3.292912,0.014165325260068862,-3.2811708450317383
-2.0,9.136850961862703e-10,2400.1705034771794,499.3175315176618,39.85562670167986,300.93280864091923,0.0005087909455040892,689847661215077168,train,-3.2934606260400674,-3.2897704,0.003690261278714857,-3.29262113571167
-0.8,1.006299553709699e-09,2596.53014928976,491.578961058072,40.01001805266426,305.28831051478386,0.0004758899150361839,6325844468188908084,train,-3.3224934985854486,-3.3205469,0.0019466331221917876,-3.3174209594726562
-1.4,1.0191682032973931e-09,2560.240612715575,475.6482256289376,41.11142736058992,291.8506686301862,0.0004991847251662017,14547390297170085011,train,-3.30173871234311,-3.2917573,0.009981367143525155,-3.297755718231201
-1.8,1.1762312017058683e-09,2610.23254556298,515.3751788116352,39.24041391228537,297.93305834844136,0.0005045838038293143,7155552337602576564,train,-3.2970666936132185,-3.2949576,0.0021090558263532344,-3.295307159423828
-1.6,1.0663734802785015e-09,2646.766281337793,486.2018595083384,41.79339850063371,299.641349014439,0.0005122481937557068,5637171177688138856,train,-3.2905195642948737,-3.2969882,0.006468684530199553,-3.2944581508636475
-0.4,7.777840542828623e-10,2445.911024694583,482.1130919467457,41.27682283342508,300.8565986758517,0.00046292159265381327,13149960228396626776,train,-3.3344925613824685,-3.324875,0.009617445034201921,-3.32731032371521
-1.6,1.0941860864671191e-09,2539.112215454232,503.69324532533454,39.339075937042885,294.39428351617613,0.0005086649243078975,12823118457006761398,train,-3.2935682087117346,-3.2951787,0.00161044309795777,-3.2948758602142334
-2.8000000000000003,9.603042271636284e-10,2438.0715583385486,503.6957420101608,43.08491203323523,298.5763734449834,0.0005372911041521473,2124884718484563516,train,-3.2697903499200778,-3.2725456,0.002755226175503278,-3.2694835662841797
-3.0,9.60969170700449e-10,2766.6918918406623,529.8468751484584,39.61181207182135,297.3307652107198,0.0005221967132007466,6563696386679920944,train,-3.282165866031403,-3.2797868,0.0023790408513493233,-3.279425621032715
-1.6,1.0040157435828723e-09,2421.1156291426087,502.3421578152334,38.33334239027114,293.10089722857373,0.0005105822607726566,12886194249589357920,train,-3.2919342780205625,-3.294044,0.0021097397711855592,-3.2941083908081055
-2.0,9.808684991835892e-10,2440.440905080504,475.02919518003887,43.13862383173334,296.64614602139693,0.0005281931059507222,10893922623691634355,train,-3.2772072715635865,-3.2842596,0.007052286160412535,-3.2817184925079346
-3.0,1.1942019403763875e-09,2464.50260258804,490.2741317287723,40.32854625878799,294.3650499716886,0.0005323238738615357,11892504857466714026,train,-3.273824055988014,-3.2732942,0.0005298455540541092,-3.274855613708496
0.0,1.066709170571727e-09,2302.646144768272,474.8978179470865,37.69553984942066,294.1521471075916,0.0004441125599674,3765765162242439701,train,-3.3525069443507527,-3.3429317,0.009575196914229256,-3.3488190174102783
-0.4,1.0671658198705112e-09,2444.626831258547,492.08006432381046,41.193035529790656,301.7038514591378,0.00046534542699918925,10743645008157788724,train,-3.332224549589903,-3.324607,0.007617654143125652,-3.3238556385040283
-1.6,9.603042271636284e-10,2438.0715583385486,503.6957420101608,43.08491203323523,298.5763734449834,0.0005182630099007439,2124884718484563516,train,-3.28544978704947,-3.2893956,0.003945783705535,-3.285273790359497
-2.4000000000000004,8.584521018906483e-10,2718.2749419682723,482.1832227724541,38.88005077046229,301.691940704981,0.0005090109103334476,3494250555080783753,train,-3.2932729087303723,-3.2842052,0.009067710442408394,-3.295778274536133
-1.6,8.89459518994858e-10,2383.601346469497,502.4892009812192,38.55163090195673,309.2198732722366,0.0005022343086922542,3483175946691254694,train,-3.2990936230313244,-3.2974577,0.001635928024000144,-3.3006339073181152
-0.6000000000000001,9.42387899986183e-10,2596.3418775504824,506.9916211367261,42.54178389838287,305.55199671356803,0.0004733319224731521,3392607520233113049,train,-3.324834204835982,-3.3217967,0.0030375491810747945,-3.3218512535095215
-2.0,9.162514515645111e-10,2366.748252214537,515.4599435910573,36.43861892729903,303.676124223718,0.000491753158744148,17492872546512810480,train,-3.3082528417375583,-3.2958615,0.012391359117319034,-3.301909923553467
-2.6,1.0352580576007263e-09,2678.9547588546675,473.131828680381,34.826156523967086,290.8089263982084,0.0005011238335677886,603198139025932464,train,-3.300054941618274,-3.3168993,0.01684435800330819,-3.2953498363494873
0.0,1.0308127820747194e-09,2437.7200106987866,482.5972990901911,40.648465379108416,299.4728047413536,0.0004538819519842,18026431441542812131,train,-3.343057086059764,-3.351149,0.008091996124073741,-3.341996431350708
-0.4,1.000072357945733e-09,2615.067429542859,502.8265147659643,41.97319841319997,303.92619603855775,0.00047006931960885846,2056914843148536795,train,-3.3278380933328933,-3.3310785,0.0032404360250168907,-3.327627658843994
-1.8,9.980121445569454e-10,2387.75545073954,508.7275610680178,38.8972081784186,297.8606493603604,0.000504863932327874,11032972375804727196,train,-3.296825654359944,-3.2911534,0.005672223421223421,-3.292440891265869
-2.0,1.1774606839117e-09,2487.5677489208106,509.6158544320055,42.33569419095241,299.8381908200232,0.0005141026367049713,14988660033747214345,train,-3.2889501687385234,-3.289114,0.00016382967456252118,-3.2863759994506836
-2.6,9.344027379399094e-10,2510.734791451186,511.4018674256231,36.36815079533651,301.4558439858307,0.0005015357512895843,13370015301709921327,train,-3.29969810345238,-3.292392,0.0073060879952264735,-3.2975411415100098
-1.6,8.354324428057497e-10,2430.182491588309,507.603602235917,36.73791801396338,295.61725668807514,0.0004958742466911008,10829525609740651031,train,-3.3046284462771007,-3.3002393,0.00438912170739858,-3.3025665283203125
-0.4,1.0727510291740675e-09,2408.6350240081065,515.7307920217833,36.322106531247385,300.55707391972635,0.0004542560175064407,16501516911797089168,train,-3.342699310904832,-3.3375106,0.005188725119920079,-3.3323490619659424
-3.0,9.798133860644783e-10,2446.0111249981446,493.4775434169566,39.325337668236735,299.6111127589073,0.0005304993669690813,7157631882990673600,train,-3.275315129994495,-3.2786458,0.003330623865978488,-3.277172565460205
-1.4,9.136850961862703e-10,2400.1705034771794,499.3175315176618,39.85562670167986,300.93280864091923,0.0004971727897359713,689847661215077168,train,-3.303492648314569,-3.2966342,0.006858451079461592,-3.3008358478546143
-0.8,1.075576112436465e-09,2439.1914792405805,507.5653121861305,41.43318212059344,299.0815860986159,0.00048481885543190644,8793357247245534573,train,-3.314420498060437,-3.3050866,0.009333885359021021,-3.3094186782836914
-1.4,1.066709170571727e-09,2302.646144768272,474.8978179470865,37.69553984942066,294.1521471075916,0.0004987303901490207,3765765162242439701,train,-3.3021341672300086,-3.2946067,0.007527481591580898,-3.2992849349975586
-1.2000000000000002,9.596807973870107e-10,2396.380469719385,547.2442070596833,39.34847113068841,298.5552181462747,0.0005000436930934316,16164245777420927440,train,-3.300992045983347,-3.294706,0.006285939797433748,-3.293550968170166
-2.0,9.798133860644783e-10,2446.0111249981446,493.4775434169566,39.325337668236735,299.6111127589073,0.0005169795083926017,7157631882990673600,train,-3.2865266707714142,-3.290328,0.0038013550464568446,-3.288740873336792
-1.6,9.928313705154955e-10,2556.196978076177,523.0189213691006,40.51326020590248,298.8914974420704,0.0005100254326900677,903425415547655004,train,-3.292408167036255,-3.2958145,0.003406347123901199,-3.2911083698272705
-3.0,8.4981307882089e-10,2622.111610500832,493.1418777793542,40.32755095458103,299.70047987606006,0.0005268735530078885,5127878088967066821,train,-3.278293600764852,-3.2745655,0.0037281424671227192,-3.2806966304779053
-1.4,9.118663996020179e-10,2651.95019435956,481.7408591707263,38.899871401178025,300.40158819211445,0.0004904626354349196,17319768135093042826,train,-3.309394072570538,-3.3019493,0.0074448099515196375,-3.3050365447998047
-2.6,1.1942019403763875e-09,2464.50260258804,490.2741317287723,40.32854625878799,294.3650499716886,0.0005275767884020279,11892504857466714026,train,-3.277714320196692,-3.2771919,0.0005224428315795393,-3.278918981552124
-2.0,9.143704143090119e-10,2444.5179463100326,473.4138143725302,40.94136333558407,299.94201571725745,0.0005099851092378818,11714911050137312102,train,-3.2924425044319285,-3.289367,0.003075543906415845,-3.291171073913574
-2.4000000000000004,9.89297888860932e-10,2413.8801533334354,510.75595836241,38.53132745549709,285.1813868750008,0.000520535322919527,6508029577517650568,train,-3.2835497944367735,-3.28713,0.003580322979608308,-3.284923791885376
-2.6,9.725086180844783e-10,2468.017331565751,490.28733545372194,44.50977871149023,303.263152322465,0.0005323620131447312,3744802582600429992,train,-3.2737929413081917,-3.2837236,0.00993065144998706,-3.2753756046295166
0.0,8.75983736068783e-10,2627.978517028968,489.37942559949954,40.91913452211564,297.20307373531364,0.0004368630923493,5144607327742428380,train,-3.35965464438657,-3.358602,0.0010525974200170651,-3.3508315086364746
-2.2,9.162514515645111e-10,2366.748252214537,515.4599435910573,36.43861892729903,303.676124223718,0.0004947873169580143,17492872546512810480,train,-3.3055814413099824,-3.294499,0.01108252086930861,-3.2996089458465576
-2.8000000000000003,1.0942344693420075e-09,2360.838758300681,491.3731844386217,39.51420947268076,305.7035776891924,0.0005304288987771217,3134241803077969267,train,-3.2753728227677974,-3.284217,0.008844058030542445,-3.2799887657165527
-2.0,9.74908016407874e-10,2433.9347159425315,536.1873069142775,40.58953669016749,293.2225739384997,0.0005280711397058085,18393380424088899902,train,-3.2773075670485428,-3.2847707,0.0074631601090500155,-3.2760677337646484
-1.6,1.018423641836786e-09,2420.2103352289205,495.3862399264609,39.18777263938059,307.5354074756815,0.0004977858850256428,9985116505034206452,train,-3.302957422195857,-3.2993734,0.003584033905451811,-3.297006130218506
-0.8,1.066709170571727e-09,2302.646144768272,474.8978179470865,37.69553984942066,294.1521471075916,0.000483111809844812,3765765162242439701,train,-3.3159523458963327,-3.3100717,0.005880639124482112,-3.3127660751342773
-0.4,1.0692616090001279e-09,2445.881237248077,515.6238842072526,38.37558042728467,295.9516778251947,0.00046901283859914525,2860266914913243763,train,-3.3288152688916344,-3.3290396,0.00022430477779922242,-3.326874256134033
-0.8,1.000072357945733e-09,2615.067429542859,502.8265147659643,41.97319841319997,303.92619603855775,0.0004868056191668356,2056914843148536795,train,-3.3126444173789795,-3.3158524,0.003207986261767548,-3.313062906265259
-1.4,1.000072357945733e-09,2615.067429542859,502.8265147659643,41.97319841319997,303.92619603855775,0.000503918921533393,2056914843148536795,train,-3.2976393341164263,-3.3028996,0.005260264958891092,-3.30025315284729
-2.2,1.0574423663675307e-09,2585.038533860248,471.3266920396063,42.543125490608695,301.3994726877767,0.0005154387475594474,2832837163574657009,train,-3.2878229369323173,-3.2887778,0.0009548912842354262,-3.2900195121765137
-0.8,1.0044736023004086e-09,2276.4853940628345,486.8441992232576,38.23677890677304,298.10055132439214,0.0004882311527346274,15363031408316951214,train,-3.311374512855954,-3.3086333,0.002741185371823107,-3.3097305297851562
-1.4,1.104689398918354e-09,2572.8324404304963,485.2307246352714,40.714467773434976,300.93677074401546,0.0005022652738212338,9216328605101287225,train,-3.2990668475405514,-3.3008327,0.001765900872534587,-3.297618865966797
0.0,1.0692616090001279e-09,2445.881237248077,515.6238842072526,38.37558042728467,295.9516778251947,0.0004444980267908,2860266914913243763,train,-3.3521301626032596,-3.3491473,0.002982842809558406,-3.350874185562134
-2.4000000000000004,9.596807973870107e-10,2396.380469719385,547.2442070596833,39.34847113068841,298.5552181462747,0.0005223700163960602,16164245777420927440,train,-3.282021759159187,-3.283904,0.0018823164633716694,-3.2794418334960938
-0.4,9.798133860644783e-10,2446.0111249981446,493.4775434169566,39.325337668236735,299.6111127589073,0.0004727900171481749,7157631882990673600,train,-3.325331702057496,-3.3291395,0.0038077689965811956,-3.3230087757110596
-2.6,8.758150413106088e-10,2554.792538970499,492.8309420700668,37.207464786418186,297.95471711920453,0.0005109956551656837,14100953261967155807,train,-3.291582792518106,-3.2891371,0.0024456675028470265,-3.2923970222473145
-2.2,9.60969170700449e-10,2766.6918918406623,529.8468751484584,39.61181207182135,297.3307652107198,0.000511215545419132,6563696386679920944,train,-3.2913959483021253,-3.2899148,0.0014811018818372546,-3.2906742095947266
-1.0,1.0203477325736783e-09,2420.870896846657,485.827773341465,41.83782044136868,301.83723728961854,0.0005046754836862989,4106527973129540887,train,-3.2969877920730646,-3.3026395,0.0056516923324529955,-3.301090717315674
-1.2000000000000002,8.89459518994858e-10,2383.601346469497,502.4892009812192,38.55163090195673,309.2198732722366,0.0004930335962568055,3483175946691254694,train,-3.3071234860537766,-3.3022933,0.004830185425114486,-3.306455135345459
-2.2,9.16382362452114e-10,2549.3338723326283,483.7915671011157,41.484417545989686,302.7283665488111,0.0005115641344350388,779010489516208886,train,-3.2910999113453805,-3.2896004,0.001499539030927366,-3.2911770343780518
-1.8,1.0849323731926979e-09,2551.147301026894,487.27717818808753,44.82712146868644,302.5978918999191,0.0005166138715974981,17938021924088880075,train,-3.2868339367663255,-3.2974765,0.010642593308747728,-3.290645122528076
-2.8000000000000003,1.0071535471770136e-09,2369.635821802133,538.5091665951578,40.65637295368661,296.23853018587084,0.0005366443530545854,6305389621858259219,train,-3.270313436228305,-3.2749915,0.004678076070279147,-3.270456075668335
-1.6,9.980121445569454e-10,2387.75545073954,508.7275610680178,38.8972081784186,297.8606493603604,0.0005010834740330334,11032972375804727196,train,-3.3000899202561524,-3.2933881,0.006701791975512794,-3.2949886322021484
-3.0,1.000072357945733e-09,2615.067429542859,502.8265147659643,41.97319841319997,303.92619603855775,0.0005300770770363767,2056914843148536795,train,-3.275660976252472,-3.2737787,0.0018822992657776538,-3.278196096420288
-2.8000000000000003,9.979877857013674e-10,2496.537246315292,510.00187244466247,38.795972505421744,297.7961123434831,0.0005176288300765303,1378160361063041439,train,-3.285981543014659,-3.2821825,0.0037990879517928455,-3.2851386070251465
-1.4,8.979123523428992e-10,2531.360993910196,491.918494232159,35.793021097389925,308.86985058095934,0.0005001953199837817,579736006479800074,train,-3.300860376009609,-3.306248,0.005387573590610817,-3.306737184524536
0.0,1.0574423663675307e-09,2585.038533860248,471.3266920396063,42.543125490608695,301.3994726877767,0.00044084783453,2832837163574657009,train,-3.3557112881460207,-3.362623,0.006911688157079876,-3.353444814682007
-0.8,7.516487326049726e-10,2475.0294016619155,481.8667099014746,36.16652897024234,304.10393187120707,0.0004716493188677455,4556256472297801959,train,-3.3263807884110816,-3.325879,0.0005016914262183647,-3.322584390640259
0.0,9.920951194363948e-10,2484.0228854962547,482.5603784265586,38.422268984819695,304.0303353891022,0.0004362736131289,2314355766595058403,train,-3.3602410533873734,-3.358026,0.002215025707930085,-3.354074239730835
-1.0,1.0727510291740675e-09,2408.6350240081065,515.7307920217833,36.322106531247385,300.55707391972635,0.00047539947495236584,16501516911797089168,train,-3.322941302257431,-3.314142,0.008799313503158324,-3.3127903938293457
-0.8,8.589969950121182e-10,2505.474763633521,514.8627810246533,39.90795077029272,306.8673078749587,0.0004747305452806202,8372103036707258832,train,-3.3235528238534937,-3.315601,0.007951713395119686,-3.3200151920318604
-2.4000000000000004,9.143704143090119e-10,2444.5179463100326,473.4138143725302,40.94136333558407,299.94201571725745,0.000516082105892259,11714911050137312102,train,-3.2872811989555784,-3.2827137,0.004567547298473862,-3.2862565517425537
-0.6000000000000001,1.0352580576007263e-09,2678.9547588546675,473.131828680381,34.826156523967086,290.8089263982084,0.0004579399509654208,603198139025932464,train,-3.3391914666994844,-3.3456228,0.006431311239358362,-3.3317253589630127
-3.0,9.118663996020179e-10,2651.95019435956,481.7408591707263,38.899871401178025,300.40158819211445,0.0005164510799899522,17319768135093042826,train,-3.2869708100526256,-3.2785347,0.008436159250013286,-3.2848362922668457
-0.2,1.006938037138553e-09,2476.033687734913,499.8883185243343,35.52248114367448,306.4489109295662,0.0004515815729328486,11533471517763731933,train,-3.3452637880421503,-3.3486378,0.0033740312480108337,-3.34578800201416
-1.8,1.0728366895058958e-09,2396.471193900285,522.5703607996403,39.66536493364173,302.3426017448898,0.0005148680263582252,10539271283961051071,train,-3.2883040773072465,-3.2911758,0.002871764977909752,-3.290048122406006
-0.4,9.42387899986183e-10,2596.3418775504824,506.9916211367261,42.54178389838287,305.55199671356803,0.0004642639399442079,3392607520233113049,train,-3.3332350473082517,-3.3296058,0.0036292295134519037,-3.331144094467163
-2.2,9.682475573035431e-10,2330.6047518253104,479.0686974559265,41.64371883461047,301.63426669668445,0.0005273083096222474,13640118791446356878,train,-3.277935384756809,-3.2859406,0.00800526236843524,-3.2816686630249023
-2.4000000000000004,1.0663734802785015e-09,2646.766281337793,486.2018595083384,41.79339850063371,299.641349014439,0.0005261316223428332,5637171177688138856,train,-3.278905594807524,-3.282936,0.004030501383882168,-3.282806396484375
-1.4,9.74908016407874e-10,2433.9347159425315,536.1873069142775,40.58953669016749,293.2225739384997,0.0005162949335333984,18393380424088899902,train,-3.287102136717805,-3.290445,0.0033429526224049155,-3.282700300216675
-2.2,9.595802013951228e-10,2610.2949574222403,489.9218602044182,42.219532217947325,302.0841812978663,0.0005192414699967829,11643629726484600332,train,-3.284630629244007,-3.2893875,0.004756835279308369,-3.286287784576416
-2.8000000000000003,9.244750759855351e-10,2606.766252024905,514.7015322051607,39.36697999872778,300.425811364213,0.0005224995492710072,13867644369009061341,train,-3.281914079856523,-3.2801678,0.001746261787065162,-3.2897417545318604
-2.8000000000000003,1.0025105539620802e-09,2526.9743060678943,509.1946075584183,40.75166342427999,301.0515477079729,0.0005252660621420762,15180030701036252205,train,-3.2796206584022287,-3.2777417,0.001878987793708209,-3.2784171104431152
-1.8,8.599648780937921e-10,2637.8899539670565,501.9551856304757,39.90381821426863,300.9815905741297,0.0004989580350536616,14435728251762431223,train,-3.3019359792483955,-3.295056,0.006879874588361368,-3.3010997772216797
-0.6000000000000001,9.664729913030388e-10,2627.7330466636663,506.9906344590098,40.06029068650691,301.1540677406581,0.00046750540760274204,8813459275462154891,train,-3.3302133613081506,-3.3252115,0.005001836344771693,-3.324481725692749
-3.0,9.682475573035431e-10,2330.6047518253104,479.0686974559265,41.64371883461047,301.63426669668445,0.0005378034274761628,13640118791446356878,train,-3.269376434300815,-3.2737732,0.0043967590585598515,-3.2714779376983643
-1.2000000000000002,1.0692616090001279e-09,2445.881237248077,515.6238842072526,38.37558042728467,295.9516778251947,0.000496267106867365,2860266914913243763,train,-3.3042845093672715,-3.302365,0.0019194447462997921,-3.3030753135681152
-3.0,1.243555870393131e-09,2440.816535503744,483.6779599156501,38.81204244575611,302.5323056028984,0.0005220537876748727,4261926717090881150,train,-3.2822847489384173,-3.2814293,0.0008554581669328876,-3.2796237468719482
-1.2000000000000002,9.16382362452114e-10,2549.3338723326283,483.7915671011157,41.484417545989686,302.7283665488111,0.0004915210532900494,779010489516208886,train,-3.30845787532549,-3.3050687,0.0033891440175066734,-3.3039662837982178
-0.4,9.756514716409811e-10,2404.497548871577,500.9208966540563,41.62971960161597,300.52976098251094,0.0004786318443837299,7311808897764695838,train,-3.3199984102356215,-3.3175213,0.00247707654116347,-3.3200645446777344
0.0,9.143704143090119e-10,2444.5179463100326,473.4138143725302,40.94136333558407,299.94201571725745,0.0004405174116579,11714911050137312102,train,-3.356036921219009,-3.353221,0.002815981582778626,-3.352487802505493
-1.4,1.0308127820747194e-09,2437.7200106987866,482.5972990901911,40.648465379108416,299.4728047413536,0.0005127154474370662,18026431441542812131,train,-3.290123597645199,-3.2967467,0.006623133159244343,-3.2911622524261475
-1.8,9.344027379399094e-10,2510.734791451186,511.4018674256231,36.36815079533651,301.4558439858307,0.0004895014844891794,13370015301709921327,train,-3.3102459867934657,-3.299151,0.011095043037362196,-3.3072667121887207
-0.2,9.74908016407874e-10,2433.9347159425315,536.1873069142775,40.58953669016749,293.2225739384997,0.0004723871119919166,18393380424088899902,train,-3.3257019596341917,-3.3230612,0.0026407318357297704,-3.3209433555603027
-2.0,1.1201765668553064e-09,2329.913862262383,487.444276821995,41.61971486534147,298.1037724082114,0.0005280276489259149,10813817281839957845,train,-3.277343336061698,-3.2836726,0.006329235120552834,-3.2803547382354736
-1.0,8.220747042076196e-10,2489.354974528123,536.8974000619587,36.589080383233394,294.68809277779184,0.0004768704001503204,13344013943894260190,train,-3.32159963384698,-3.316124,0.005475671444636454,-3.3137848377227783
-1.6,8.979123523428992e-10,2531.360993910196,491.918494232159,35.793021097389925,308.86985058095934,0.0005046481314682794,579736006479800074,train,-3.297011330445056,-3.302314,0.005302712599987824,-3.304375648498535
-1.2000000000000002,1.0071535471770136e-09,2369.635821802133,538.5091665951578,40.65637295368661,296.23853018587084,0.000508753437465935,6305389621858259219,train,-3.2934926433835416,-3.2889688,0.0045238418851285545,-3.2910053730010986
-2.2,8.89459518994858e-10,2383.601346469497,502.4892009812192,38.55163090195673,309.2198732722366,0.0005129115808103835,3483175946691254694,train,-3.289957495074886,-3.2931354,0.0031779095119057743,-3.2943034172058105
-0.4,1.1201765668553064e-09,2329.913862262383,487.444276821995,41.61971486534147,298.1037724082114,0.00048376121367048563,10813817281839957845,train,-3.3153689548334575,-3.3116863,0.003682677443931137,-3.314934492111206
-0.2,1.0050101529814667e-09,2449.206992526188,478.70441149946606,40.80112322251315,299.2329513672896,0.00046320613781459434,15255519671477510073,train,-3.3342256945281408,-3.3341537,7.204233697866158e-05,-3.3317606449127197
-0.6000000000000001,7.777840542828623e-10,2445.911024694583,482.1130919467457,41.27682283342508,300.8565986758517,0.00047178337650124666,13149960228396626776,train,-3.3262573657415806,-3.317303,0.00895442346557962,-3.3193769454956055
-2.0,1.0375673846448864e-09,2379.4103992541063,496.85223216497695,39.047727684139495,305.18782525816323,0.0005101595524289222,3141391476646313355,train,-3.2922939770340807,-3.2931347,0.0008407122969740222,-3.291006326675415
-1.2000000000000002,1.0050101529814667e-09,2449.206992526188,478.70441149946606,40.80112322251315,299.2329513672896,0.0005024259166541138,15255519671477510073,train,-3.2989279664651865,-3.299984,0.0010560118062978852,-3.2970993518829346
-1.8,9.756514716409811e-10,2404.497548871577,500.9208966540563,41.62971960161597,300.52976098251094,0.0005202527028695446,7311808897764695838,train,-3.2837856548197872,-3.2900374,0.006251738750159053,-3.287058115005493
-1.2000000000000002,9.980121445569454e-10,2387.75545073954,508.7275610680178,38.8972081784186,297.8606493603604,0.0004921181294765913,11032972375804727196,train,-3.3079306353995457,-3.299336,0.008594678826059354,-3.3019602298736572
0.0,9.58904338765352e-10,2486.667922677388,495.3304947031063,40.43386356777175,305.1954997344612,0.0004488668781944,13052852389533457310,train,-3.3478824399271705,-3.354681,0.006798575087477943,-3.3509483337402344
-2.6,9.42387899986183e-10,2596.3418775504824,506.9916211367261,42.54178389838287,305.55199671356803,0.0005195130764869222,3392607520233113049,train,-3.284403516490558,-3.2844121,8.629124065961946e-06,-3.2857348918914795
-0.6000000000000001,1.0663734802785015e-09,2646.766281337793,486.2018595083384,41.79339850063371,299.641349014439,0.00048297770931200507,5637171177688138856,train,-3.3160729126153323,-3.320316,0.004243163663354199,-3.315835952758789
-2.2,9.603042271636284e-10,2438.0715583385486,503.6957420101608,43.08491203323523,298.5763734449834,0.0005290492670528148,2124884718484563516,train,-3.2765038829499007,-3.283561,0.007057108337330753,-3.2776076793670654
-0.2,9.42387899986183e-10,2596.3418775504824,506.9916211367261,42.54178389838287,305.55199671356803,0.00045302329503353253,3392607520233113049,train,-3.3438794654388184,-3.339723,0.004156355239843812,-3.3425724506378174
-1.8,1.032683367538443e-09,2526.170348943833,478.8149532207128,42.09307571557734,293.4443281911712,0.0005167339951217245,12981595077382156139,train,-3.28673296595943,-3.2859416,0.0007913651598694393,-3.287200450897217
-2.4000000000000004,9.980121445569454e-10,2387.75545073954,508.7275610680178,38.8972081784186,297.8606493603604,0.000514238565849819,11032972375804727196,train,-3.2888353561107024,-3.2844942,0.004341194504867474,-3.28639554977417
-1.0,8.758150413106088e-10,2554.792538970499,492.8309420700668,37.207464786418186,297.95471711920453,0.00048004422936895184,14100953261967155807,train,-3.3187187466120256,-3.3143034,0.004415348479701375,-3.3140950202941895
-1.6,9.118663996020179e-10,2651.95019435956,481.7408591707263,38.899871401178025,300.40158819211445,0.0004948878249722787,17319768135093042826,train,-3.305493230392515,-3.2982075,0.007285708953916448,-3.3028833866119385
-2.6,8.762920771795992e-10,2597.67569731618,502.646286170094,38.978559546027874,295.06946514256083,0.000507126385714321,2033506848451370756,train,-3.2948837925836276,-3.2840173,0.010866468135995788,-3.289529323577881
-2.8000000000000003,1.104689398918354e-09,2572.8324404304963,485.2307246352714,40.714467773434976,300.93677074401546,0.0005258168186414108,9216328605101287225,train,-3.279165526775984,-3.27681,0.0023555959745924504,-3.2787837982177734
0.0,1.0933784852654091e-09,2410.884334287086,539.0569290920441,39.62193192256099,289.3285700165644,0.0004504467020199,16519722322841066187,train,-3.346356588454078,-3.3393495,0.007007080168555557,-3.3397305011749268
-2.0,1.0050101529814667e-09,2449.206992526188,478.70441149946606,40.80112322251315,299.2329513672896,0.0005191355885367007,15255519671477510073,train,-3.284719197714643,-3.2887692,0.004050047433062254,-3.286775588989258
-0.8,9.60969170700449e-10,2766.6918918406623,529.8468751484584,39.61181207182135,297.3307652107198,0.0004785928434849137,6563696386679920944,train,-3.320033799784949,-3.3187897,0.0012440792496706266,-3.3141095638275146
-0.4,8.758150413106088e-10,2554.792538970499,492.8309420700668,37.207464786418186,297.95471711920453,0.00045767536502300813,14100953261967155807,train,-3.339442463413871,-3.3383448,0.0010976510206823775,-3.3343148231506348
-3.0,8.762920771795992e-10,2597.67569731618,502.646286170094,38.978559546027874,295.06946514256083,0.0005119827397144783,2033506848451370756,train,-3.2907446799872795,-3.2820277,0.00871695858225019,-3.2862439155578613
-0.8,1.0050101529814667e-09,2449.206992526188,478.70441149946606,40.80112322251315,299.2329513672896,0.0004905768776062755,15255519671477510073,train,-3.3092929252789456,-3.3102214,0.000928508360580782,-3.307480573654175
-2.0,1.25959298622376e-09,2354.3009197629594,499.1918367180637,40.77134716523017,305.22981462209646,0.0005195652254822234,128968913270984251,train,-3.2843599239703942,-3.2909217,0.0065617641094397605,-3.2853596210479736
-1.0,9.525981103063824e-10,2521.0178569100235,513.1122387074643,39.33447860201831,299.4635962010897,0.0004920913458571154,2217437892012799629,train,-3.30795427259963,-3.308678,0.0007236391587928104,-3.3081724643707275
-2.2,1.0933784852654091e-09,2410.884334287086,539.0569290920441,39.62193192256099,289.3285700165644,0.0005207454727074209,16519722322841066187,train,-3.283374497062851,-3.2841234,0.0007489236524809151,-3.2787833213806152
-1.4,8.758150413106088e-10,2554.792538970499,492.8309420700668,37.207464786418186,297.95471711920453,0.000490408932595123,14100953261967155807,train,-3.3094416279238987,-3.3038228,0.005618872110300099,-3.3056349754333496
-2.2,1.1459805246638944e-09,2630.825732937456,497.4739907663986,41.26661222078493,300.2753689300697,0.000508850609876522,12849312948239067464,train,-3.293409700628057,-3.287732,0.005677814718022756,-3.289950132369995
-1.6,1.000096056099185e-09,2446.239819629679,503.61049666576776,43.101977222602514,303.9832024614659,0.0005166237570453995,13944279034983237670,train,-3.2868256265860616,-3.2944653,0.0076396768349589195,-3.290215253829956
-3.0,1.0073410050818803e-09,2574.374612551252,485.6872921198837,42.17824256593523,298.72995545788456,0.0005296471844766913,9029148243980292461,train,-3.276013332018032,-3.26996,0.006053405412807411,-3.27236270904541
-2.4000000000000004,1.0727510291740675e-09,2408.6350240081065,515.7307920217833,36.322106531247385,300.55707391972635,0.0005021906237922555,16501516911797089168,train,-3.2991314000924277,-3.2941039,0.005027539237325129,-3.292057991027832
-0.2,1.013177684158949e-09,2549.0982526102403,506.5025106580401,39.7132385315927,304.62183232922587,0.0004568857855278229,14934561482547682078,train,-3.340192353353485,-3.3423147,0.0021223668003234053,-3.342942476272583
-1.6,1.066709170571727e-09,2302.646144768272,474.8978179470865,37.69553984942066,294.1521471075916,0.0005027989928921404,3765765162242439701,train,-3.2986056008783313,-3.2918582,0.006747404619786401,-3.296022653579712
-3.0,1.0705485436227222e-09,2590.7468930890127,531.0534862964538,41.61731424149927,306.85396396460635,0.0005353364201643179,4155552024635161694,train,-3.2713732095619354,-3.2766786,0.005305352602371194,-3.2775795459747314
-3.0,1.0574423663675307e-09,2585.038533860248,471.3266920396063,42.543125490608695,301.3994726877767,0.0005263032019665855,2832837163574657009,train,-3.278763987778297,-3.2709153,0.007848717926612458,-3.2779839038848877
-2.6,9.920951194363948e-10,2484.0228854962547,482.5603784265586,38.422268984819695,304.0303353891022,0.0005145356606252523,2314355766595058403,train,-3.2885845204621424,-3.2855856,0.0029988786011805324,-3.285996198654175
-1.4,9.60969170700449e-10,2766.6918918406623,529.8468751484584,39.61181207182135,297.3307652107198,0.0004957811704464198,6563696386679920944,train,-3.3047099715708295,-3.3029006,0.001809418821195674,-3.3005034923553467
-1.8,8.622252758820395e-10,2596.9228583838576,499.2028055441836,37.99663516660689,298.18972265332246,0.0005026965478475547,7681735671422946543,train,-3.298694097178739,-3.2961113,0.0025827518876013755,-3.3006443977355957
-2.6,1.066709170571727e-09,2302.646144768272,474.8978179470865,37.69553984942066,294.1521471075916,0.0005180495210826509,3765765162242439701,train,-3.2856287234498036,-3.283567,0.0020617716980946277,-3.2840754985809326
-1.2000000000000002,1.0040157435828723e-09,2421.1156291426087,502.3421578152334,38.33334239027114,293.10089722857373,0.0005016077810065154,12886194249589357920,train,-3.299635735291408,-3.3004124,0.0007766811667218043,-3.3005878925323486
-1.6,8.599648780937921e-10,2637.8899539670565,501.9551856304757,39.90381821426863,300.9815905741297,0.0004949871568539542,14435728251762431223,train,-3.305406069308488,-3.2982893,0.007116770297257435,-3.3032660484313965
-1.6,8.622252758820395e-10,2596.9228583838576,499.2028055441836,37.99663516660689,298.18972265332246,0.0004987922683270216,7681735671422946543,train,-3.302080287047815,-3.2992132,0.0028671160425659536,-3.3028314113616943
-2.4000000000000004,1.0191682032973931e-09,2560.240612715575,475.6482256289376,41.11142736058992,291.8506686301862,0.0005169541555194308,14547390297170085011,train,-3.286547969261453,-3.2781744,0.00837356893186314,-3.2842307090759277
0.0,9.525981103063824e-10,2521.0178569100235,513.1122387074643,39.33447860201831,299.4635962010897,0.0004438151828521,2217437892012799629,train,-3.3527978446995528,-3.3540025,0.0012046310389726145,-3.3503506183624268
-2.0,9.220148370062531e-10,2472.3739758500788,504.5088858703008,41.28793476116813,303.0641722996054,0.000509079152548196,7538273554073210114,train,-3.2932146875210253,-3.2919493,0.0012654153652635891,-3.294626235961914
-1.4,1.0705485436227222e-09,2590.7468930890127,531.0534862964538,41.61731424149927,306.85396396460635,0.0005083714914652853,4155552024635161694,train,-3.2938188118679546,-3.301095,0.007276196982143102,-3.297966480255127
-2.8000000000000003,1.1201765668553064e-09,2329.913862262383,487.444276821995,41.61971486534147,298.1037724082114,0.0005392957711742197,10813817281839957845,train,-3.2681729851687296,-3.2724662,0.004293197540010674,-3.269881248474121
-0.6000000000000001,8.75983736068783e-10,2627.978517028968,489.37942559949954,40.91913452211564,297.20307373531364,0.00047163259835417793,5144607327742428380,train,-3.3263961849254113,-3.3195856,0.006810623173092001,-3.3176887035369873
-2.0,8.599648780937921e-10,2637.8899539670565,501.9551856304757,39.90381821426863,300.9815905741297,0.0005025500778994879,14435728251762431223,train,-3.2988206553566646,-3.2917345,0.007086198340673366,-3.2977213859558105
-1.6,1.0732744646319759e-09,2458.1779927472685,500.451348042105,41.29986197643443,296.3385514465405,0.0005063970780398954,15854623793106210877,train,-3.295508808904625,-3.2906094,0.004899449163414005,-3.293058156967163
-2.2,8.220747042076196e-10,2489.354974528123,536.8974000619587,36.589080383233394,294.68809277779184,0.0005013881911560014,13344013943894260190,train,-3.2998258988903273,-3.2979748,0.0018510739849317837,-3.2957606315612793
-2.6,1.0375673846448864e-09,2379.4103992541063,496.85223216497695,39.047727684139495,305.18782525816323,0.0005187832026002002,3141391476646313355,train,-3.285014094145673,-3.2863784,0.0013642894908016956,-3.2839713096618652
-1.4,9.16382362452114e-10,2549.3338723326283,483.7915671011157,41.484417545989686,302.7283665488111,0.0004964454411773979,779010489516208886,train,-3.3041284730448397,-3.3018014,0.002327029944864112,-3.3008103370666504
0.0,9.42387899986183e-10,2596.3418775504824,506.9916211367261,42.54178389838287,305.55199671356803,0.000437844254618,3392607520233113049,train,-3.358680344720881,-3.3597796,0.0010992516078545123,-3.3563528060913086
-0.4,9.980121445569454e-10,2387.75545073954,508.7275610680178,38.8972081784186,297.8606493603604,0.00046486518848765036,11032972375804727196,train,-3.3326729748188053,-3.325047,0.007625958675006483,-3.3251521587371826
-2.4000000000000004,9.136850961862703e-10,2400.1705034771794,499.3175315176618,39.85562670167986,300.93280864091923,0.000514919959356678,689847661215077168,train,-3.288260273699147,-3.2845006,0.0037596747916763817,-3.287431240081787
-0.6000000000000001,1.0272364839515192e-09,2572.148319494551,521.8227614311556,39.43236728729266,296.39638250989714,0.0004797578805884717,12816177013697617925,validation,-3.3189778827353194,-3.3224678,0.0034899212197587737,-3.3193602561950684
-1.8,9.32148229008894e-10,2545.124905053194,512.7371789301767,40.07870713980076,299.5411124372077,0.0005016815896109958,7464429288297915064,validation,-3.299571836139998,-3.293701,0.0058709026835770395,-3.2957112789154053
-2.6,1.08604047901988e-09,2575.5622449220923,476.6697423761544,40.75046782180591,305.2870639056014,0.0005224094354191619,17451691503515762550,validation,-3.281988987717916,-3.2833688,0.0013798381945595573,-3.286173105239868
-0.6000000000000001,8.688108546297864e-10,2646.5653288453154,498.36187777461095,39.94029005251662,299.6218359156308,0.00046564990950325494,6517130074721695667,validation,-3.331940477112025,-3.3248055,0.007134978988855956,-3.3242568969726562
-0.4,1.020786601528739e-09,2414.9946347184086,525.5036010755978,41.93453001893169,295.92616711681853,0.0004760745708442458,12935788499417564366,validation,-3.3223250154105233,-3.3096988,0.012626195296387532,-3.3139567375183105
-1.8,8.688108546297864e-10,2646.5653288453154,498.36187777461095,39.94029005251662,299.6218359156308,0.0004979168928227558,6517130074721695667,validation,-3.3028431391689006,-3.2944677,0.008375451562089076,-3.298426866531372
-1.6,9.54751015148706e-10,2385.841355900724,509.52056648049273,41.08562699346509,303.58650370690776,0.0005030485280283918,7884238669149658161,validation,-3.2983901174522967,-3.2919514,0.0064386995293230775,-3.2918808460235596
-2.6,9.308015570351787e-10,2751.659002613549,471.438867720947,38.31893407640898,299.3638589999156,0.0005211396079123817,13806398585976261423,validation,-3.283045918113047,-3.2826574,0.0003885332406103892,-3.292879819869995
-2.4000000000000004,9.32148229008894e-10,2545.124905053194,512.7371789301767,40.07870713980076,299.5411124372077,0.0005113149527741931,7464429288297915064,validation,-3.2913115066820935,-3.2844508,0.006860737257655014,-3.289797306060791
-0.2,9.308015570351787e-10,2751.659002613549,471.438867720947,38.31893407640898,299.3638589999156,0.0004537316180505422,13806398585976261423,validation,-3.3432009560956097,-3.345661,0.0024599688158892796,-3.3501412868499756
-1.8,1.1421949243104863e-09,2464.085688286918,515.1290966367517,40.96326376678826,298.8654192354596,0.0005079297556599722,12882774050561771087,validation,-3.294196344485041,-3.2907434,0.0034529935023748237,-3.2883522510528564
0.0,1.011801650795657e-09,2503.197375042157,521.464297637573,42.04226242943757,288.6545802497056,0.0004550106762044,14082706842164037214,validation,-3.3419784130961574,-3.3406627,0.0013156952769435293,-3.3406829833984375
-2.0,1.08604047901988e-09,2575.5622449220923,476.6697423761544,40.75046782180591,305.2870639056014,0.0005132537575358329,17451691503515762550,validation,-3.2896678624715365,-3.2952862,0.005618316117330657,-3.294511079788208
-2.8000000000000003,8.64757430416121e-10,2613.398572092139,483.2695161383806,39.73131063338137,294.42197627514213,0.0005228167177876489,1633077101789385956,validation,-3.281650533702735,-3.27855,0.0031006241110600463,-3.284450054168701
-0.8,8.688108546297864e-10,2646.5653288453154,498.36187777461095,39.94029005251662,299.6218359156308,0.00047303256081144624,6517130074721695667,validation,-3.325108963925963,-3.3169045,0.008204419095640514,-3.3176987171173096
-2.0,1.020786601528739e-09,2414.9946347184086,525.5036010755978,41.93453001893169,295.92616711681853,0.0005202427257000675,12935788499417564366,validation,-3.2837939836015004,-3.283147,0.0006468869675892996,-3.2792365550994873
-2.8000000000000003,1.08604047901988e-09,2575.5622449220923,476.6697423761544,40.75046782180591,305.2870639056014,0.0005250157810999656,17451691503515762550,validation,-3.2798276422290376,-3.2794127,0.00041489579959419487,-3.2831404209136963
-2.6,9.91880560193061e-10,2562.543459042286,488.1664551370801,40.47383155665718,295.6008889602198,0.0005275165865024337,16069905982438259650,validation,-3.2777638804601605,-3.2784204,0.0006565678430621169,-3.280623197555542
-0.4,9.54751015148706e-10,2385.841355900724,509.52056648049273,41.08562699346509,303.58650370690776,0.00046621781425997737,7884238669149658161,validation,-3.33141113603424,-3.3171446,0.014266503694762456,-3.323172092437744
-0.8,9.308015570351787e-10,2751.659002613549,471.438867720947,38.31893407640898,299.3638589999156,0.0004821014827763929,13806398585976261423,validation,-3.3168615327762443,-3.3200357,0.0031741632534187936,-3.324288845062256
-1.0,9.55415883814233e-10,2578.1734587821948,522.0121395253278,38.42173874228168,293.06092698472065,0.0004843080495514666,7069279127234648490,validation,-3.3148783126038186,-3.3111582,0.0037201323670021935,-3.312880516052246
-0.2,8.64757430416121e-10,2613.398572092139,483.2695161383806,39.73131063338137,294.42197627514213,0.00045450399906667486,1633077101789385956,validation,-3.3424622911769997,-3.3375354,0.004926909859860995,-3.3422772884368896
-1.2000000000000002,1.0272364839515192e-09,2572.148319494551,521.8227614311556,39.43236728729266,296.39638250989714,0.0004989401339464632,12816177013697617925,validation,-3.301951560702132,-3.3035254,0.0015738871433268464,-3.3041040897369385
-0.4,1.011801650795657e-09,2503.197375042157,521.464297637573,42.04226242943757,288.6545802497056,0.0004804984147090595,14082706842164037214,validation,-3.318308040845058,-3.3086092,0.009698793637416436,-3.3166770935058594
-2.0,1.0882818479532783e-09,2447.508764517909,466.8571183944717,43.278933930679706,307.8168200832177,0.0005205668213593718,3262830124868165494,validation,-3.283523515365709,-3.3009176,0.017394110061537127,-3.287259578704834
-0.6000000000000001,9.581806245172891e-10,2592.420375814081,497.997415088655,37.83724802001972,293.41915116225954,0.0004773449251807273,17533524623644286140,validation,-3.321167690209631,-3.3275886,0.006420867987390277,-3.3265292644500732
-2.8000000000000003,1.020786601528739e-09,2414.9946347184086,525.5036010755978,41.93453001893169,295.92616711681853,0.000531378307523522,12935788499417564366,validation,-3.2745961787837126,-3.2720087,0.0025875213282682274,-3.269195079803467
-2.6,1.1421949243104863e-09,2464.085688286918,515.1290966367517,40.96326376678826,298.8654192354596,0.0005199981562338656,12882774050561771087,validation,-3.283998196247658,-3.2793026,0.004695599201759659,-3.277810573577881
-0.6000000000000001,1.0882818479532783e-09,2447.508764517909,466.8571183944717,43.278933930679706,307.8168200832177,0.00048378760137881237,3262830124868165494,validation,-3.3153452660315264,-3.320793,0.005447647405363298,-3.3142943382263184
-1.8,9.91880560193061e-10,2562.543459042286,488.1664551370801,40.47383155665718,295.6008889602198,0.0005148800494817738,16069905982438259650,validation,-3.2882939358438437,-3.2908797,0.0025857905660684466,-3.2901206016540527
-1.0,1.0272364839515192e-09,2572.148319494551,521.8227614311556,39.43236728729266,296.39638250989714,0.0004934496506933284,12816177013697617925,validation,-3.3067571541221894,-3.3084328,0.0016756633369170437,-3.308500289916992
0.0,9.581806245172891e-10,2592.420375814081,497.997415088655,37.83724802001972,293.41915116225954,0.0004431586934112,17533524623644286140,validation,-3.3534407267534734,-3.3571174,0.003676687721013927,-3.3567848205566406
0.0,8.836751126639038e-10,2477.068135205752,531.0701614185327,43.11434944357355,296.9231984392292,0.0004527352556018,18058330792975761325,validation,-3.344155684614229,-3.3389904,0.005165234708833566,-3.341543197631836
-0.4,8.688108546297864e-10,2646.5653288453154,498.36187777461095,39.94029005251662,299.6218359156308,0.00045677500395163224,6517130074721695667,validation,-3.3402976699611933,-3.332999,0.007298678948620019,-3.3322291374206543
-2.8000000000000003,9.32148229008894e-10,2545.124905053194,512.7371789301767,40.07870713980076,299.5411124372077,0.0005165614495896511,7464429288297915064,validation,-3.2868780078707953,-3.2784915,0.008386510831000393,-3.2858405113220215
-1.6,8.64757430416121e-10,2613.398572092139,483.2695161383806,39.73131063338137,294.42197627514213,0.0005034128966401291,1633077101789385956,validation,-3.298075662709192,-3.2949464,0.0031292305955443744,-3.3009159564971924
0.0,1.0882818479532783e-09,2447.508764517909,466.8571183944717,43.278933930679706,307.8168200832177,0.0004483845932534,3262830124868165494,validation,-3.3483493184231516,-3.356332,0.007982745251775114,-3.346383810043335
-1.2000000000000002,1.1421949243104863e-09,2464.085688286918,515.1290966367517,40.96326376678826,298.8654192354596,0.0004950662033937874,12882774050561771087,validation,-3.30533672056929,-3.2977777,0.00755906782881155,-3.2979986667633057
-0.8,1.011801650795657e-09,2503.197375042157,521.464297637573,42.04226242943757,288.6545802497056,0.000496768669857078,14082706842164037214,validation,-3.303845801996625,-3.2958868,0.007959047007001008,-3.3024282455444336
-2.2,1.011801650795657e-09,2503.197375042157,521.464297637573,42.04226242943757,288.6545802497056,0.0005282960413312455,14082706842164037214,validation,-3.2771226435898675,-3.2789187,0.0017960995436774319,-3.27825665473938
-1.4,9.91880560193061e-10,2562.543459042286,488.1664551370801,40.47383155665718,295.6008889602198,0.000506532198890977,16069905982438259650,validation,-3.2953929424928243,-3.296548,0.0011549472166483277,-3.294628381729126
-1.6,1.0272364839515192e-09,2572.148319494551,521.8227614311556,39.43236728729266,296.39638250989714,0.0005081139883431193,12816177013697617925,validation,-3.2940388488279373,-3.296799,0.002760095645329308,-3.296996593475342
-1.2000000000000002,8.64757430416121e-10,2613.398572092139,483.2695161383806,39.73131063338137,294.42197627514213,0.0004939532714661189,1633077101789385956,validation,-3.306314133878573,-3.301753,0.004561089750155123,-3.3062915802001953
-2.8000000000000003,1.011801650795657e-09,2503.197375042157,521.464297637573,42.04226242943757,288.6545802497056,0.0005363812044144976,14082706842164037214,validation,-3.270526448870559,-3.2707746,0.0002481540194554377,-3.272420883178711
-2.2,8.64757430416121e-10,2613.398572092139,483.2695161383806,39.73131063338137,294.42197627514213,0.0005143635539013994,1633077101789385956,validation,-3.288729811662893,-3.2862315,0.0024982938711448632,-3.2922778129577637
-1.2000000000000002,8.836751126639038e-10,2477.068135205752,531.0701614185327,43.11434944357355,296.9231984392292,0.0005079872331256693,18058330792975761325,validation,-3.2941472023868412,-3.290165,0.003982254877075597,-3.292475461959839
-0.8,8.836751126639038e-10,2477.068135205752,531.0701614185327,43.11434944357355,296.9231984392292,0.0004958275380355409,18058330792975761325,validation,-3.304669356380711,-3.2966814,0.007987952266941267,-3.302809715270996
-1.0,8.688108546297864e-10,2646.5653288453154,498.36187777461095,39.94029005251662,299.6218359156308,0.00047932308440166375,6517130074721695667,validation,-3.3193716546993404,-3.31024,0.00913162441064408,-3.311680555343628
-1.0,1.011801650795657e-09,2503.197375042157,521.464297637573,42.04226242943757,288.6545802497056,0.0005030689125295023,14082706842164037214,validation,-3.2983725193549116,-3.291528,0.006844532828422345,-3.2971913814544678
-2.6,8.688108546297864e-10,2646.5653288453154,498.36187777461095,39.94029005251662,299.6218359156308,0.0005104456449863647,6517130074721695667,validation,-3.2920504971408175,-3.280835,0.011215583887033365,-3.2879762649536133
-2.2,9.581806245172891e-10,2592.420375814081,497.997415088655,37.83724802001972,293.41915116225954,0.0005165822155490636,17533524623644286140,validation,-3.2868605494245213,-3.292705,0.005844509626992345,-3.2951769828796387
-1.2000000000000002,8.688108546297864e-10,2646.5653288453154,498.36187777461095,39.94029005251662,299.6218359156308,0.0004848155689123405,6517130074721695667,validation,-3.314423442092283,-3.3050768,0.00934660455261005,-3.306488513946533
-0.4,9.775160845782078e-10,2577.8004715918664,488.1533623282412,40.35879763032958,294.16913853899604,0.00047323107338442176,6898913632721408619,validation,-3.324926746384929,-3.3249087,1.801301700909974e-05,-3.323871612548828
-0.2,1.0882818479532783e-09,2447.508764517909,466.8571183944717,43.278933930679706,307.8168200832177,0.0004634999301468232,3262830124868165494,validation,-3.3339503269711592,-3.337546,0.003595783182039014,-3.3329050540924072
-2.0,9.581806245172891e-10,2592.420375814081,497.997415088655,37.83724802001972,293.41915116225954,0.000513318732362702,17533524623644286140,validation,-3.2896128868919505,-3.29488,0.005267026438127598,-3.297197103500366
-0.2,1.0272364839515192e-09,2572.148319494551,521.8227614311556,39.43236728729266,296.39638250989714,0.00045991443719579586,12816177013697617925,validation,-3.337322957253411,-3.3384752,0.001152270102545927,-3.3383970260620117
-3.0,1.08604047901988e-09,2575.5622449220923,476.6697423761544,40.75046782180591,305.2870639056014,0.000527439824612764,17451691503515762550,validation,-3.2778270816783563,-3.276015,0.0018120384196893546,-3.280754804611206
-0.2,9.54751015148706e-10,2385.841355900724,509.52056648049273,41.08562699346509,303.58650370690776,0.00045544840967454755,7884238669149658161,validation,-3.341560810046826,-3.3236537,0.017907112079296628,-3.333995819091797
-0.6000000000000001,1.020786601528739e-09,2414.9946347184086,525.5036010755978,41.93453001893169,295.92616711681853,0.00048483572698060693,12935788499417564366,validation,-3.31440538500753,-3.3030179,0.011387530316978367,-3.3061721324920654
-1.4,9.775160845782078e-10,2577.8004715918664,488.1533623282412,40.35879763032958,294.16913853899604,0.0005064987411777819,6898913632721408619,validation,-3.295421629672353,-3.296115,0.0006932918974711377,-3.2970759868621826
-0.4,1.08604047901988e-09,2575.5622449220923,476.6697423761544,40.75046782180591,305.2870639056014,0.0004675754785313038,17451691503515762550,validation,-3.3301482729973437,-3.336562,0.006413645261323264,-3.330376386642456
-2.0,9.55415883814233e-10,2578.1734587821948,522.0121395253278,38.42173874228168,293.06092698472065,0.0005062425888473101,7069279127234648490,validation,-3.295641321597082,-3.2942853,0.0013560242032832903,-3.295515537261963
-1.2000000000000002,1.08604047901988e-09,2575.5622449220923,476.6697423761544,40.75046782180591,305.2870639056014,0.0004962358903149597,17451691503515762550,validation,-3.3043118285320427,-3.3088162,0.004504366002259008,-3.3053596019744873
-1.6,9.32148229008894e-10,2545.124905053194,512.7371789301767,40.07870713980076,299.5411124372077,0.0004978035355442945,7464429288297915064,validation,-3.302942023231795,-3.2964697,0.006472334816267633,-3.298398017883301
-3.0,9.581806245172891e-10,2592.420375814081,497.997415088655,37.83724802001972,293.41915116225954,0.0005272980202710646,17533524623644286140,validation,-3.2779438592146506,-3.2904284,0.012484540825022261,-3.285911798477173
-1.0,9.775160845782078e-10,2577.8004715918664,488.1533623282412,40.35879763032958,294.16913853899604,0.0004960443349392606,6898913632721408619,validation,-3.3044795058505283,-3.3040235,0.00045600159332614965,-3.303510904312134
-0.2,8.688108546297864e-10,2646.5653288453154,498.36187777461095,39.94029005251662,299.6218359156308,0.0004458200174079293,6517130074721695667,validation,-3.3508404355089128,-3.3424554,0.008385048393434236,-3.3432810306549072
-2.8000000000000003,9.775160845782078e-10,2577.8004715918664,488.1533623282412,40.35879763032958,294.16913853899604,0.0005298673635417154,6898913632721408619,validation,-3.2758328294387593,-3.2761836,0.0003507757553324886,-3.2790939807891846
-1.4,1.011801650795657e-09,2503.197375042157,521.464297637573,42.04226242943757,288.6545802497056,0.0005134152656439324,14082706842164037214,validation,-3.289531222368202,-3.2865922,0.002938977266273124,-3.287916421890259
-1.8,1.020786601528739e-09,2414.9946347184086,525.5036010755978,41.93453001893169,295.92616711681853,0.0005167770402709133,12935788499417564366,validation,-3.286696789721081,-3.2849073,0.001789448717663067,-3.2812483310699463
-1.2000000000000002,1.011801650795657e-09,2503.197375042157,521.464297637573,42.04226242943757,288.6545802497056,0.0005085628464358359,14082706842164037214,validation,-3.293655370816397,-3.288582,0.00507328425328657,-3.2922003269195557
-3.0,9.54751015148706e-10,2385.841355900724,509.52056648049273,41.08562699346509,303.58650370690776,0.0005239019490253591,7884238669149658161,validation,-3.2807499858823,-3.276937,0.0038129779782472006,-3.274538516998291
-1.6,8.688108546297864e-10,2646.5653288453154,498.36187777461095,39.94029005251662,299.6218359156308,0.0004940132629822049,6517130074721695667,validation,-3.306261391232905,-3.297676,0.008585304807123606,-3.3006882667541504
-2.8000000000000003,9.308015570351787e-10,2751.659002613549,471.438867720947,38.31893407640898,299.3638589999156,0.0005237825677971079,13806398585976261423,validation,-3.2808489595868155,-3.2809837,0.00013472686032800496,-3.2897889614105225
-2.8000000000000003,9.54751015148706e-10,2385.841355900724,509.52056648049273,41.08562699346509,303.58650370690776,0.0005216051641569616,7884238669149658161,validation,-3.282658117518142,-3.2794933,0.003164785608962273,-3.2764596939086914
-3.0,8.64757430416121e-10,2613.398572092139,483.2695161383806,39.73131063338137,294.42197627514213,0.0005252390493439102,1633077101789385956,validation,-3.2796429933895763,-3.2774189,0.00222414153715933,-3.2832489013671875
-1.4,8.64757430416121e-10,2613.398572092139,483.2695161383806,39.73131063338137,294.42197627514213,0.0004989535255828857,1633077101789385956,validation,-3.301939904322223,-3.2980328,0.003907143702105653,-3.303173303604126
-0.8,1.08604047901988e-09,2575.5622449220923,476.6697423761544,40.75046782180591,305.2870639056014,0.0004841352092852284,17451691503515762550,validation,-3.3150333316490546,-3.3203478,0.005314454300652471,-3.315406084060669
-1.0,1.0882818479532783e-09,2447.508764517909,466.8571183944717,43.278933930679706,307.8168200832177,0.00049786739665944,3262830124868165494,validation,-3.30288631299851,-3.3096428,0.006756478749536665,-3.302595615386963
-0.6000000000000001,9.775160845782078e-10,2577.8004715918664,488.1533623282412,40.35879763032958,294.16913853899604,0.00048218011974249296,6898913632721408619,validation,-3.316790699524967,-3.3171778,0.00038707299700568853,-3.3160240650177
-3.0,1.020786601528739e-09,2414.9946347184086,525.5036010755978,41.93453001893169,295.92616711681853,0.0005336555835779136,12935788499417564366,validation,-3.2727389422399686,-3.269354,0.0033848372442411012,-3.2676753997802734
-2.8000000000000003,1.0272364839515192e-09,2572.148319494551,521.8227614311556,39.43236728729266,296.39638250989714,0.0005267362406544635,12816177013697617925,validation,-3.278406800163882,-3.2810335,0.002626715766293586,-3.2845778465270996
-1.0,1.1421949243104863e-09,2464.085688286918,515.1290966367517,40.96326376678826,298.8654192354596,0.0004896307887923232,12882774050561771087,validation,-3.310131280849845,-3.3017044,0.00842687411156362,-3.3031132221221924
-2.4000000000000004,8.836751126639038e-10,2477.068135205752,531.0701614185327,43.11434944357355,296.9231984392292,0.0005313232562936645,18058330792975761325,validation,-3.2746411743801898,-3.2792804,0.004639249737852236,-3.2750072479248047
-0.8,1.1421949243104863e-09,2464.085688286918,515.1290966367517,40.96326376678826,298.8654192354596,0.00048340664484090157,12882774050561771087,validation,-3.315687384135438,-3.307217,0.0084705014297497,-3.308530807495117
-0.8,9.91880560193061e-10,2562.543459042286,488.1664551370801,40.47383155665718,295.6008889602198,0.000489556306494484,16069905982438259650,validation,-3.31019735045221,-3.3105145,0.000317099621032213,-3.3063135147094727
-0.4,1.0882818479532783e-09,2447.508764517909,466.8571183944717,43.278933930679706,307.8168200832177,0.0004747183908511709,3262830124868165494,validation,-3.3235639431489923,-3.3281498,0.004585852383234279,-3.3223190307617188
-2.2,9.775160845782078e-10,2577.8004715918664,488.1533623282412,40.35879763032958,294.16913853899604,0.0005216035744336754,6898913632721408619,validation,-3.2826594411421213,-3.2846982,0.002038806767424628,-3.287140130996704
-1.6,9.308015570351787e-10,2751.659002613549,471.438867720947,38.31893407640898,299.3638589999156,0.000504090049683929,13806398585976261423,validation,-3.297491875087167,-3.297974,0.00048223456249107954,-3.306926727294922
-0.4,9.581806245172891e-10,2592.420375814081,497.997415088655,37.83724802001972,293.41915116225954,0.00046853415419796787,17533524623644286140,validation,-3.3292587453545024,-3.335192,0.005933219748647023,-3.334758996963501
-1.2000000000000002,9.32148229008894e-10,2545.124905053194,512.7371789301767,40.07870713980076,299.5411124372077,0.0004885834311691227,7464429288297915064,validation,-3.3110612648980533,-3.302972,0.008089186574689045,-3.305539131164551
-0.8,8.64757430416121e-10,2613.398572092139,483.2695161383806,39.73131063338137,294.42197627514213,0.00048187631743860443,1633077101789385956,validation,-3.317064417252368,-3.3129287,0.004135740647143393,-3.3163702487945557
-2.2,9.91880560193061e-10,2562.543459042286,488.1664551370801,40.47383155665718,295.6008889602198,0.0005217455162071428,16069905982438259650,validation,-3.282541274499908,-3.284824,0.0022826200008245756,-3.284719467163086
-1.8,8.836751126639038e-10,2477.068135205752,531.0701614185327,43.11434944357355,296.9231984392292,0.0005213814354720478,18058330792975761325,validation,-3.282844436565436,-3.2865393,0.003694879611932045,-3.283344268798828
-2.4000000000000004,8.64757430416121e-10,2613.398572092139,483.2695161383806,39.73131063338137,294.42197627514213,0.0005174055860852988,1633077101789385956,validation,-3.2861688868043912,-3.2833033,0.0028656260011685752,-3.2893409729003906
-1.6,1.1421949243104863e-09,2464.085688286918,515.1290966367517,40.96326376678826,298.8654192354596,0.0005041224460589124,12882774050561771087,validation,-3.2974639651635087,-3.292855,0.004608940825740149,-3.290717124938965
-1.8,9.581806245172891e-10,2592.420375814081,497.997415088655,37.83724802001972,293.41915116225954,0.0005097440411883086,17533524623644286140,validation,-3.292647842340724,-3.2972963,0.0046484432885485205,-3.2999839782714844
-0.4,8.64757430416121e-10,2613.398572092139,483.2695161383806,39.73131063338137,294.42197627514213,0.0004654959691912918,1633077101789385956,validation,-3.3320840752960836,-3.328293,0.0037909901978170346,-3.330972671508789
-2.6,1.0272364839515192e-09,2572.148319494551,521.8227614311556,39.43236728729266,296.39638250989714,0.0005242542874166488,12816177013697617925,validation,-3.2804580091339046,-3.283029,0.0025710703033512416,-3.2868149280548096
-2.4000000000000004,9.55415883814233e-10,2578.1734587821948,522.0121395253278,38.42173874228168,293.06092698472065,0.0005123390059704908,7069279127234648490,validation,-3.290442578668108,-3.2899864,0.000456206674089632,-3.2903077602386475
-1.0,9.91880560193061e-10,2562.543459042286,488.1664551370801,40.47383155665718,295.6008889602198,0.0004959998079975398,16069905982438259650,validation,-3.3045184916259824,-3.304523,4.499554437487063e-06,-3.3018202781677246
-0.8,9.55415883814233e-10,2578.1734587821948,522.0121395253278,38.42173874228168,293.06092698472065,0.0004780733686855995,7069279127234648490,validation,-3.3205054482201786,-3.3177686,0.00273687445919224,-3.318127393722534
-2.2,9.55415883814233e-10,2578.1734587821948,522.0121395253278,38.42173874228168,293.06092698472065,0.0005094188422423546,7069279127234648490,validation,-3.2929249955118958,-3.2920108,0.0009142113627258475,-3.29231595993042
0.0,9.91880560193061e-10,2562.543459042286,488.1664551370801,40.47383155665718,295.6008889602198,0.0004470974175332,16069905982438259650,validation,-3.3495978386408476,-3.354685,0.005087229489645573,-3.3452255725860596
-1.8,1.011801650795657e-09,2503.197375042157,521.464297637573,42.04226242943757,288.6545802497056,0.0005216115223042689,14082706842164037214,validation,-3.2826528236835504,-3.2833233,0.000670464280316807,-3.2829461097717285
-1.0,1.08604047901988e-09,2575.5622449220923,476.6697423761544,40.75046782180591,305.2870639056014,0.0004905947209059551,17451691503515762550,validation,-3.3092771293741263,-3.3137932,0.00451605299892055,-3.309889793395996
-0.8,1.020786601528739e-09,2414.9946347184086,525.5036010755978,41.93453001893169,295.92616711681853,0.0004921569668670573,12935788499417564366,validation,-3.3078963627364613,-3.2970011,0.010895239308116533,-3.3002095222473145
-1.2000000000000002,9.775160845782078e-10,2577.8004715918664,488.1533623282412,40.35879763032958,294.16913853899604,0.000501605821084132,6898913632721408619,validation,-3.2996374322051545,-3.2995274,0.00011002551264960303,-3.2999889850616455
-2.4000000000000004,8.688108546297864e-10,2646.5653288453154,498.36187777461095,39.94029005251662,299.6218359156308,0.0005076810633057537,6517130074721695667,validation,-3.2944090356404923,-3.2842052,0.010203837352528389,-3.2907190322875977
-1.2000000000000002,9.91880560193061e-10,2562.543459042286,488.1664551370801,40.47383155665718,295.6008889602198,0.0005016039325904195,16069905982438259650,validation,-3.2996390672817584,-3.2999928,0.00035373247715275724,-3.297893762588501
-3.0,1.0272364839515192e-09,2572.148319494551,521.8227614311556,39.43236728729266,296.39638250989714,0.0005290435040633076,12816177013697617925,validation,-3.276508613791299,-3.2799907,0.003482059273886673,-3.282717704772949
-1.6,8.836751126639038e-10,2477.068135205752,531.0701614185327,43.11434944357355,296.9231984392292,0.0005174030030772098,18058330792975761325,validation,-3.28617105490808,-3.287734,0.00156297676916628,-3.2854816913604736
-1.0,9.54751015148706e-10,2385.841355900724,509.52056648049273,41.08562699346509,303.58650370690776,0.0004885191720767058,7884238669149658161,validation,-3.31111838759775,-3.2985384,0.0125799411713583,-3.302746295928955
-1.2000000000000002,1.020786601528739e-09,2414.9946347184086,525.5036010755978,41.93453001893169,295.92616711681853,0.000503846325622422,12935788499417564366,validation,-3.297701904251062,-3.2894573,0.008244583084069834,-3.2901546955108643
-0.8,9.32148229008894e-10,2545.124905053194,512.7371789301767,40.07870713980076,299.5411124372077,0.0004766776436903099,7464429288297915064,validation,-3.321775216123332,-3.314036,0.007739323636759554,-3.315749168395996
-0.2,9.91880560193061e-10,2562.543459042286,488.1664551370801,40.47383155665718,295.6008889602198,0.0004618999524672485,16069905982438259650,validation,-3.3354520824454057,-3.335212,0.00024009018161175177,-3.3314316272735596
-2.2,9.308015570351787e-10,2751.659002613549,471.438867720947,38.31893407640898,299.3638589999156,0.0005152072494984484,13806398585976261423,validation,-3.2880180346330623,-3.2880452,2.7133289911329683e-05,-3.2983558177948
-0.6000000000000001,9.91880560193061e-10,2562.543459042286,488.1664551370801,40.47383155665718,295.6008889602198,0.00048203094786505304,16069905982438259650,validation,-3.3169250778284747,-3.3177814,0.0008563705357831353,-3.312563896179199
-0.8,9.775160845782078e-10,2577.8004715918664,488.1533623282412,40.35879763032958,294.16913853899604,0.0004896513531119116,6898913632721408619,validation,-3.310113041018563,-3.3099697,0.0001433773985679565,-3.3091719150543213
-0.6000000000000001,8.836751126639038e-10,2477.068135205752,531.0701614185327,43.11434944357355,296.9231984392292,0.00048823142878623926,18058330792975761325,validation,-3.311374267300837,-3.3023138,0.009060462674371994,-3.308243751525879
-3.0,1.1421949243104863e-09,2464.085688286918,515.1290966367517,40.96326376678826,298.8654192354596,0.000524737171505242,12882774050561771087,validation,-3.2800581700158555,-3.2737832,0.006274963076158269,-3.2740025520324707
-0.4,9.55415883814233e-10,2578.1734587821948,522.0121395253278,38.42173874228168,293.06092698472065,0.00046209033715302296,7069279127234648490,validation,-3.335273112989623,-3.3329446,0.0023284814130848375,-3.332982301712036
-2.4000000000000004,1.08604047901988e-09,2575.5622449220923,476.6697423761544,40.75046782180591,305.2870639056014,0.0005195991360222182,17451691503515762550,validation,-3.284331579733527,-3.2875144,0.0031828684323667034,-3.289170980453491
-1.2000000000000002,1.0882818479532783e-09,2447.508764517909,466.8571183944717,43.278933930679706,307.8168200832177,0.0005035287524642282,3262830124868165494,validation,-3.297975725348632,-3.3067272,0.008751445595581941,-3.298652172088623
0.0,9.55415883814233e-10,2578.1734587821948,522.0121395253278,38.42173874228168,293.06092698472065,0.0004372707057869,7069279127234648490,validation,-3.35924961650661,-3.3557637,0.0034859427242612817,-3.3581416606903076
-1.2000000000000002,9.54751015148706e-10,2385.841355900724,509.52056648049273,41.08562699346509,303.58650370690776,0.0004939564342873095,7884238669149658161,validation,-3.306311353066152,-3.295138,0.011173470833485855,-3.297877311706543
-2.6,1.020786601528739e-09,2414.9946347184086,525.5036010755978,41.93453001893169,295.92616711681853,0.0005289258238121956,12935788499417564366,validation,-3.276605228849129,-3.2750485,0.0015567345101397123,-3.2713963985443115
-2.4000000000000004,9.581806245172891e-10,2592.420375814081,497.997415088655,37.83724802001972,293.41915116225954,0.0005195785186437147,17533524623644286140,validation,-3.284348812617002,-3.2908905,0.006541642628969502,-3.2928109169006348
-2.6,9.55415883814233e-10,2578.1734587821948,522.0121395253278,38.42173874228168,293.06092698472065,0.000515039565331072,7069279127234648490,validation,-3.28815940718222,-3.2884498,0.00029035706948876694,-3.288358449935913
-2.6,1.0882818479532783e-09,2447.508764517909,466.8571183944717,43.278933930679706,307.8168200832177,0.0005297184717209476,3262830124868165494,validation,-3.2759548825928007,-3.2905984,0.014643509893771611,-3.277975559234619
-3.0,9.32148229008894e-10,2545.124905053194,512.7371789301767,40.07870713980076,299.5411124372077,0.0005189220662384391,7464429288297915064,validation,-3.284897861311563,-3.2764688,0.008429107496865651,-3.284105062484741
-1.4,9.55415883814233e-10,2578.1734587821948,522.0121395253278,38.42173874228168,293.06092698472065,0.0004945998109410567,7069279127234648490,validation,-3.3057460539821446,-3.3022816,0.0034644358638584727,-3.3040080070495605
-0.6000000000000001,9.308015570351787e-10,2751.659002613549,471.438867720947,38.31893407640898,299.3638589999156,0.0004743732965352852,13806398585976261423,validation,-3.323879766300163,-3.3286502,0.004770469829597612,-3.330789804458618
-2.6,9.54751015148706e-10,2385.841355900724,509.52056648049273,41.08562699346509,303.58650370690776,0.0005191314453818319,7884238669149658161,validation,-3.2847226637773,-3.282353,0.0023697394303763275,-3.279116153717041
-1.8,9.775160845782078e-10,2577.8004715918664,488.1533623282412,40.35879763032958,294.16913853899604,0.0005147890852797976,6898913632721408619,validation,-3.2883706697183244,-3.2905457,0.002175032262266452,-3.2917754650115967
-2.4000000000000004,9.308015570351787e-10,2751.659002613549,471.438867720947,38.31893407640898,299.3638589999156,0.0005182923868309937,13806398585976261423,validation,-3.285425170441913,-3.2851176,0.00030754425172752065,-3.295651912689209
-0.2,9.32148229008894e-10,2545.124905053194,512.7371789301767,40.07870713980076,299.5411124372077,0.0004493905744569822,7464429288297915064,validation,-3.347376040738095,-3.337945,0.009431056302059648,-3.341644525527954
-0.4,9.91880560193061e-10,2562.543459042286,488.1664551370801,40.47383155665718,295.6008889602198,0.0004730357393533385,16069905982438259650,validation,-3.3251060456943633,-3.3255742,0.00046811392782908356,-3.320737600326538
-2.2,9.54751015148706e-10,2385.841355900724,509.52056648049273,41.08562699346509,303.58650370690776,0.0005135537244985137,7884238669149658161,validation,-3.289414116754582,-3.2875638,0.0018503159428142624,-3.2842509746551514
-1.8,1.0272364839515192e-09,2572.148319494551,521.8227614311556,39.43236728729266,296.39638250989714,0.0005119892031609942,12816177013697617925,validation,-3.290739197338706,-3.294031,0.0032917074311913375,-3.294529438018799
-0.6000000000000001,9.55415883814233e-10,2578.1734587821948,522.0121395253278,38.42173874228168,293.06092698472065,0.0004707938791478547,7069279127234648490,validation,-3.3271691921106576,-3.3254712,0.0016980293146371395,-3.324486494064331
-2.8000000000000003,9.55415883814233e-10,2578.1734587821948,522.0121395253278,38.42173874228168,293.06092698472065,0.0005175466231584728,7069279127234648490,validation,-3.2860505207147197,-3.2877285,0.0016780273352070552,-3.2862002849578857
-1.4,1.020786601528739e-09,2414.9946347184086,525.5036010755978,41.93453001893169,295.92616711681853,0.0005086530834669217,12935788499417564366,validation,-3.2935783184549177,-3.2876184,0.005959919788535828,-3.285853862762451
-2.6,9.581806245172891e-10,2592.420375814081,497.997415088655,37.83724802001972,293.41915116225954,0.0005223442672592511,17533524623644286140,validation,-3.2820431673244763,-3.2896788,0.007635644702501221,-3.2902672290802
-3.0,8.836751126639038e-10,2477.068135205752,531.0701614185327,43.11434944357355,296.9231984392292,0.0005391396497442472,18058330792975761325,validation,-3.268298727841313,-3.2683003,1.5670347854879196e-06,-3.268312692642212
-1.4,9.32148229008894e-10,2545.124905053194,512.7371789301767,40.07870713980076,299.5411124372077,0.0004934699401583271,7464429288297915064,validation,-3.306739297342827,-3.2994027,0.007336583567192356,-3.3018181324005127
-3.0,9.308015570351787e-10,2751.659002613549,471.438867720947,38.31893407640898,299.3638589999156,0.0005262478694612002,13806398585976261423,validation,-3.2788096494139802,-3.2804747,0.001665013366781487,-3.2884743213653564
-0.2,1.1421949243104863e-09,2464.085688286918,515.1290966367517,40.96326376678826,298.8654192354596,0.00045673699295791306,12882774050561771087,validation,-3.340333811719351,-3.32965,0.010683886487417471,-3.3335938453674316
0.0,1.08604047901988e-09,2575.5622449220923,476.6697423761544,40.75046782180591,305.2870639056014,0.000441478887236,17451691503515762550,validation,-3.355090060775307,-3.3647275,0.009637436325522941,-3.3546628952026367
-1.0,9.32148229008894e-10,2545.124905053194,512.7371789301767,40.07870713980076,299.5411124372077,0.00048302977350827566,7464429288297915064,validation,-3.3160260989134325,-3.30773,0.008296139425517435,-3.309929609298706
-2.2,1.08604047901988e-09,2575.5622449220923,476.6697423761544,40.75046782180591,305.2870639056014,0.0005165585960079823,17451691503515762550,validation,-3.286880407001037,-3.291552,0.004671659801941619,-3.292027235031128
0.0,8.64757430416121e-10,2613.398572092139,483.2695161383806,39.73131063338137,294.42197627514213,0.0004398337084557,1633077101789385956,validation,-3.356711489765327,-3.356158,0.000553471653144566,-3.355942726135254
-2.6,1.011801650795657e-09,2503.197375042157,521.464297637573,42.04226242943757,288.6545802497056,0.0005338985680013892,14082706842164037214,validation,-3.2725412439855615,-3.2733812,0.0008399892297705769,-3.2742278575897217
0.0,1.020786601528739e-09,2414.9946347184086,525.5036010755978,41.93453001893169,295.92616711681853,0.0004509208507405,12935788499417564366,validation,-3.345899682297825,-3.3359606,0.009939055695652232,-3.337472438812256
-2.0,9.775160845782078e-10,2577.8004715918664,488.1533623282412,40.35879763032958,294.16913853899604,0.0005183533493375185,6898913632721408619,validation,-3.2853740909278737,-3.2877104,0.0023363373100413476,-3.289583921432495
-2.0,1.0272364839515192e-09,2572.148319494551,521.8227614311556,39.43236728729266,296.39638250989714,0.0005154855145653688,12816177013697617925,validation,-3.287783534129673,-3.2912574,0.003473847309535927,-3.2921972274780273
-1.4,8.688108546297864e-10,2646.5653288453154,498.36187777461095,39.94029005251662,299.6218359156308,0.0004896745359591536,6517130074721695667,validation,-3.3100924795634925,-3.3010647,0.009027749872940749,-3.302847146987915
-2.0,9.54751015148706e-10,2385.841355900724,509.52056648049273,41.08562699346509,303.58650370690776,0.0005103837633072699,7884238669149658161,validation,-3.292103150153312,-3.289469,0.0026341464759438438,-3.2870352268218994
-1.8,8.64757430416121e-10,2613.398572092139,483.2695161383806,39.73131063338137,294.42197627514213,0.0005074202952988155,1633077101789385956,validation,-3.294632166282573,-3.2920792,0.002552956001200979,-3.29848575592041
-1.8,1.0882818479532783e-09,2447.508764517909,466.8571183944717,43.278933930679706,307.8168200832177,0.0005169510552830366,3262830124868165494,validation,-3.286550573785629,-3.3027334,0.016182847540054723,-3.289881706237793
-1.6,1.0882818479532783e-09,2447.508764517909,466.8571183944717,43.278933930679706,307.8168200832177,0.0005129619495389914,3262830124868165494,validation,-3.2899148487636882,-3.3039691,0.014054296057478766,-3.292518377304077
-1.0,9.308015570351787e-10,2751.659002613549,471.438867720947,38.31893407640898,299.3638589999156,0.0004887221883229337,13806398585976261423,validation,-3.310937943256537,-3.3125222,0.001584229671319548,-3.3184757232666016
-3.0,9.91880560193061e-10,2562.543459042286,488.1664551370801,40.47383155665718,295.6008889602198,0.0005324684483811279,16069905982438259650,validation,-3.2737061214102434,-3.2737381,3.202441800365108e-05,-3.2762935161590576
-2.4000000000000004,9.54751015148706e-10,2385.841355900724,509.52056648049273,41.08562699346509,303.58650370690776,0.0005164573199486492,7884238669149658161,validation,-3.286965562772945,-3.2851384,0.0018271941663776659,-3.2817258834838867
-2.4000000000000004,1.0882818479532783e-09,2447.508764517909,466.8571183944717,43.278933930679706,307.8168200832177,0.0005269103294660304,3262830124868165494,validation,-3.278263287504027,-3.294802,0.016538662950684735,-3.2812230587005615
-1.0,1.020786601528739e-09,2414.9946347184086,525.5036010755978,41.93453001893169,295.92616711681853,0.0004984030137698647,12935788499417564366,validation,-3.302419340225964,-3.292432,0.009987270447521457,-3.295109510421753
-1.8,9.55415883814233e-10,2578.1734587821948,522.0121395253278,38.42173874228168,293.06092698472065,0.0005027595126241643,7069279127234648490,validation,-3.2986397034441013,-3.296696,0.0019437557970065633,-3.2985944747924805
-0.6000000000000001,9.32148229008894e-10,2545.124905053194,512.7371789301767,40.07870713980076,299.5411124372077,0.00046926708796320816,7464429288297915064,validation,-3.328579903953269,-3.3215926,0.006987334602072792,-3.3225739002227783
-2.0,8.688108546297864e-10,2646.5653288453154,498.36187777461095,39.94029005251662,299.6218359156308,0.0005014577867679004,6517130074721695667,validation,-3.2997656204608847,-3.2911754,0.008590255012886683,-3.295976400375366
-0.6000000000000001,1.08604047901988e-09,2575.5622449220923,476.6697423761544,40.75046782180591,305.2870639056014,0.0004765903918020098,17451691503515762550,validation,-3.3218547174017115,-3.3282504,0.006395690770895968,-3.3216898441314697
-1.2000000000000002,9.581806245172891e-10,2592.420375814081,497.997415088655,37.83724802001972,293.41915116225954,0.0004965319718109774,17533524623644286140,validation,-3.3040527819439487,-3.307243,0.0031903268054409573,-3.309438705444336
-0.4,1.0272364839515192e-09,2572.148319494551,521.8227614311556,39.43236728729266,296.39638250989714,0.0004708754336340008,12816177013697617925,validation,-3.327093966842263,-3.330128,0.003033987640769009,-3.327993392944336
-2.6,9.775160845782078e-10,2577.8004715918664,488.1533623282412,40.35879763032958,294.16913853899604,0.0005273261572343979,6898913632721408619,validation,-3.2779206855985383,-3.2786653,0.0007446185854216303,-3.281982421875
-1.4,1.0272364839515192e-09,2572.148319494551,521.8227614311556,39.43236728729266,296.39638250989714,0.0005037908423708054,12816177013697617925,validation,-3.297749731129238,-3.2998188,0.00206902306692891,-3.3001468181610107
-1.4,1.1421949243104863e-09,2464.085688286918,515.1290966367517,40.96326376678826,298.8654192354596,0.0004998623715806184,12882774050561771087,validation,-3.301149554645631,-3.2950282,0.006121344959351571,-3.2936947345733643
-2.2,1.0882818479532783e-09,2447.508764517909,466.8571183944717,43.278933930679706,307.8168200832177,0.0005238711862613674,3262830124868165494,validation,-3.280775487774272,-3.2982855,0.017509996539692985,-3.2844600677490234
-1.2000000000000002,9.308015570351787e-10,2751.659002613549,471.438867720947,38.31893407640898,299.3638589999156,0.0004944915014059084,13806398585976261423,validation,-3.305841168018742,-3.3065488,0.0007076658283038384,-3.3127357959747314
-1.0,9.581806245172891e-10,2592.420375814081,497.997415088655,37.83724802001972,293.41915116225954,0.0004909995293249543,17533524623644286140,validation,-3.3089189241940846,-3.3126378,0.0037188817446360822,-3.3143765926361084
-1.0,8.64757430416121e-10,2613.398572092139,483.2695161383806,39.73131063338137,294.42197627514213,0.0004883052473624512,1633077101789385956,validation,-3.311308608731825,-3.3066072,0.004701362332899084,-3.311030387878418
-2.4000000000000004,9.91880560193061e-10,2562.543459042286,488.1664551370801,40.47383155665718,295.6008889602198,0.0005247485725328099,16069905982438259650,validation,-3.280048734149977,-3.2815711,0.001522415676072697,-3.2827200889587402
-2.4000000000000004,9.775160845782078e-10,2577.8004715918664,488.1533623282412,40.35879763032958,294.16913853899604,0.0005245821168193883,6898913632721408619,validation,-3.2801865187381156,-3.281608,0.0014215859676949272,-3.2846381664276123
-1.4,9.308015570351787e-10,2751.659002613549,471.438867720947,38.31893407640898,299.3638589999156,0.000499569031876519,13806398585976261423,validation,-3.3014044912386398,-3.3018556,0.0004510728787918694,-3.3089935779571533
-1.6,9.55415883814233e-10,2578.1734587821948,522.0121395253278,38.42173874228168,293.06092698472065,0.0004989037908806929,7069279127234648490,validation,-3.301983196096273,-3.2992854,0.002697784261556091,-3.301060676574707
-0.4,9.308015570351787e-10,2751.659002613549,471.438867720947,38.31893407640898,299.3638589999156,0.0004651303264062094,13806398585976261423,validation,-3.332425343650162,-3.3370621,0.004636776787460217,-3.3388829231262207
-0.4,9.32148229008894e-10,2545.124905053194,512.7371789301767,40.07870713980076,299.5411124372077,0.00046035308912228864,7464429288297915064,validation,-3.336908938242348,-3.3293302,0.007578732324989623,-3.3310394287109375
-0.8,9.54751015148706e-10,2385.841355900724,509.52056648049273,41.08562699346509,303.58650370690776,0.00048227890909544296,7884238669149658161,validation,-3.3167017301240405,-3.3037875,0.012914260260148858,-3.308612585067749
-0.4,1.1421949243104863e-09,2464.085688286918,515.1290966367517,40.96326376678826,298.8654192354596,0.00046741255078362385,12882774050561771087,validation,-3.33029963027736,-3.3212879,0.009011759870255709,-3.322904109954834
-0.2,9.581806245172891e-10,2592.420375814081,497.997415088655,37.83724802001972,293.41915116225954,0.00045762023053045285,17533524623644286140,validation,-3.3394947844476977,-3.3425267,0.003031889822932232,-3.344906806945801
-2.8000000000000003,8.688108546297864e-10,2646.5653288453154,498.36187777461095,39.94029005251662,299.6218359156308,0.0005130158473616585,6517130074721695667,validation,-3.289869219068654,-3.277924,0.011945158247120613,-3.28519868850708
0.0,9.32148229008894e-10,2545.124905053194,512.7371789301767,40.07870713980076,299.5411124372077,0.00043492845924,7464429288297915064,validation,-3.3615821736487397,-3.3549411,0.006641043964291438,-3.3545994758605957
0.0,1.1421949243104863e-09,2464.085688286918,515.1290966367517,40.96326376678826,298.8654192354596,0.0004424656977026,12882774050561771087,validation,-3.3541203924823626,-3.3465693,0.007551092784486624,-3.346745252609253
-2.6,8.64757430416121e-10,2613.398572092139,483.2695161383806,39.73131063338137,294.42197627514213,0.0005202134386154229,1633077101789385956,validation,-3.283818432914584,-3.2806373,0.003181168662874878,-3.2867884635925293
-1.8,9.54751015148706e-10,2385.841355900724,509.52056648049273,41.08562699346509,303.58650370690776,0.0005069008555022637,7884238669149658161,validation,-3.2950769758123077,-3.2908614,0.004215607632986451,-3.289811372756958
-0.2,1.020786601528739e-09,2414.9946347184086,525.5036010755978,41.93453001893169,295.92616711681853,0.0004653006528121926,12935788499417564366,validation,-3.3322663381554625,-3.3181744,0.014091975972845283,-3.3244855403900146
-0.2,9.55415883814233e-10,2578.1734587821948,522.0121395253278,38.42173874228168,293.06092698472065,0.00045143410230547406,7069279127234648490,validation,-3.345405636477426,-3.3405216,0.004884062457040095,-3.3443353176116943
-1.6,9.91880560193061e-10,2562.543459042286,488.1664551370801,40.47383155665718,295.6008889602198,0.0005109239272163294,16069905982438259650,validation,-3.291643758279387,-3.293657,0.0020133061584792777,-3.2922120094299316
-0.6000000000000001,9.54751015148706e-10,2385.841355900724,509.52056648049273,41.08562699346509,303.58650370690776,0.0004749629510585353,7884238669149658161,validation,-3.3233402656980155,-3.3104815,0.012858717388689378,-3.315171480178833
-1.6,9.581806245172891e-10,2592.420375814081,497.997415088655,37.83724802001972,293.41915116225954,0.0005058037858431756,17533524623644286140,validation,-3.2960179243695356,-3.2999897,0.003971775947847256,-3.3026177883148193
-1.6,1.08604047901988e-09,2575.5622449220923,476.6697423761544,40.75046782180591,305.2870639056014,0.0005056517499712328,17451691503515762550,validation,-3.2961484854043914,-3.3017986,0.005650096672634941,-3.2997448444366455
-2.2,1.1421949243104863e-09,2464.085688286918,515.1290966367517,40.96326376678826,298.8654192354596,0.000514484593250314,12882774050561771087,validation,-3.2886276260843608,-3.2856069,0.0030207649698588135,-3.282595634460449
-2.0,1.1421949243104863e-09,2464.085688286918,515.1290966367517,40.96326376678826,298.8654192354596,0.0005113614764518763,12882774050561771087,validation,-3.2912719927636496,-3.288368,0.002904006084572419,-3.2854411602020264
-1.6,1.011801650795657e-09,2503.197375042157,521.464297637573,42.04226242943757,288.6545802497056,0.0005177369434580156,14082706842164037214,validation,-3.2858908445458286,-3.2849908,0.0009000570397250662,-3.2851057052612305
-2.2,8.688108546297864e-10,2646.5653288453154,498.36187777461095,39.94029005251662,299.6218359156308,0.0005046967339973254,6517130074721695667,validation,-3.2969695056715627,-3.287725,0.009244533900322427,-3.2935681343078613
-2.8000000000000003,1.0882818479532783e-09,2447.508764517909,466.8571183944717,43.278933930679706,307.8168200832177,0.0005323221192400835,3262830124868165494,validation,-3.2738254874918553,-3.285934,0.012108483913173984,-3.274799108505249
-1.8,1.08604047901988e-09,2575.5622449220923,476.6697423761544,40.75046782180591,305.2870639056014,0.0005096386170891945,17451691503515762550,validation,-3.2927376714236427,-3.2986624,0.005924752663881705,-3.2972843647003174
-2.0,8.64757430416121e-10,2613.398572092139,483.2695161383806,39.73131063338137,294.42197627514213,0.0005110505884278202,1633077101789385956,validation,-3.291536107325941,-3.2891922,0.0023439076189095687,-3.295511484146118
-1.4,1.08604047901988e-09,2575.5622449220923,476.6697423761544,40.75046782180591,305.2870639056014,0.0005012156826919062,17451691503515762550,validation,-3.2999753486914534,-3.3050148,0.005039500017653076,-3.3021790981292725
-1.6,1.020786601528739e-09,2414.9946347184086,525.5036010755978,41.93453001893169,295.92616711681853,0.000512936445825611,12935788499417564366,validation,-3.289936441783117,-3.2862816,0.0036548560897577964,-3.283161163330078
-2.6,9.32148229008894e-10,2545.124905053194,512.7371789301767,40.07870713980076,299.5411124372077,0.0005140327825200178,7464429288297915064,validation,-3.2890091829238974,-3.2812781,0.00773104953156345,-3.287949562072754
-2.8000000000000003,9.581806245172891e-10,2592.420375814081,497.997415088655,37.83724802001972,293.41915116225954,0.0005249095304195858,17533524623644286140,validation,-3.279915541975503,-3.2893958,0.009480267198080927,-3.287973642349243
-1.4,9.54751015148706e-10,2385.841355900724,509.52056648049273,41.08562699346509,303.58650370690776,0.0004987609345817768,7884238669149658161,validation,-3.302107569948861,-3.2931697,0.008937833086678282,-3.294200897216797
-0.6000000000000001,1.1421949243104863e-09,2464.085688286918,515.1290966367517,40.96326376678826,298.8654192354596,0.0004761220371013613,12882774050561771087,validation,-3.322281716929124,-3.314074,0.00820767746989537,-3.314957857131958
-2.6,8.836751126639038e-10,2477.068135205752,531.0701614185327,43.11434944357355,296.9231984392292,0.0005341266212143126,18058330792975761325,validation,-3.272355775975147,-3.2756991,0.003343362666210492,-3.272406816482544
-3.0,1.011801650795657e-09,2503.197375042157,521.464297637573,42.04226242943757,288.6545802497056,0.0005386851031401349,14082706842164037214,validation,-3.268665034317591,-3.2687502,8.515641727235845e-05,-3.271446466445923
-2.2,1.020786601528739e-09,2414.9946347184086,525.5036010755978,41.93453001893169,295.92616711681853,0.000523392207266451,12935788499417564366,validation,-3.281172747814544,-3.2808628,0.00030993958700475943,-3.2764859199523926
-1.6,9.775160845782078e-10,2577.8004715918664,488.1533623282412,40.35879763032958,294.16913853899604,0.0005108602575273271,6898913632721408619,validation,-3.291697882026939,-3.2932642,0.001566268592567699,-3.2942492961883545
-1.8,9.308015570351787e-10,2751.659002613549,471.438867720947,38.31893407640898,299.3638589999156,0.000508157022551432,13806398585976261423,validation,-3.2940020682467455,-3.2945018,0.0004997132168775842,-3.304682493209839
-2.4000000000000004,1.1421949243104863e-09,2464.085688286918,515.1290966367517,40.96326376678826,298.8654192354596,0.0005173509545284904,12882774050561771087,validation,-3.2862147452894557,-3.282518,0.003696835285793565,-3.2802011966705322
-0.6000000000000001,1.011801650795657e-09,2503.197375042157,521.464297637573,42.04226242943757,288.6545802497056,0.0004893829733548215,14082706842164037214,validation,-3.310351144724077,-3.3016748,0.008676301889604332,-3.3085949420928955
-1.2000000000000002,9.55415883814233e-10,2578.1734587821948,522.0121395253278,38.42173874228168,293.06092698472065,0.0004897676235423063,7069279127234648490,validation,-3.3100099276262975,-3.3060822,0.003927678938553392,-3.308100938796997
-2.8000000000000003,1.1421949243104863e-09,2464.085688286918,515.1290966367517,40.96326376678826,298.8654192354596,0.0005224533785335884,12882774050561771087,validation,-3.2819524580379054,-3.2762651,0.005687313689760831,-3.275524377822876
-2.2,1.0272364839515192e-09,2572.148319494551,521.8227614311556,39.43236728729266,296.39638250989714,0.0005186636395639344,12816177013697617925,validation,-3.285114196753362,-3.288413,0.003298851037165207,-3.290426254272461
-1.4,8.836751126639038e-10,2477.068135205752,531.0701614185327,43.11434944357355,296.9231984392292,0.0005129720325923379,18058330792975761325,validation,-3.2899063121238936,-3.2887542,0.0011520873466719372,-3.28814697265625
-2.2,8.836751126639038e-10,2477.068135205752,531.0701614185327,43.11434944357355,296.9231984392292,0.0005282884282321887,18058330792975761325,validation,-3.277128902108719,-3.2823749,0.005245956747482072,-3.2779858112335205
0.0,9.54751015148706e-10,2385.841355900724,509.52056648049273,41.08562699346509,303.58650370690776,0.0004409922512404,7884238669149658161,validation,-3.3555690415369264,-3.336788,0.018781102465271093,-3.3486826419830322
-2.8000000000000003,9.91880560193061e-10,2562.543459042286,488.1664551370801,40.47383155665718,295.6008889602198,0.0005300812624817154,16069905982438259650,validation,-3.2756575471122256,-3.2756844,2.6809577227560055e-05,-3.2781522274017334
-1.4,1.0882818479532783e-09,2447.508764517909,466.8571183944717,43.278933930679706,307.8168200832177,0.0005085204987999904,3262830124868165494,validation,-3.29369153568856,-3.3050823,0.011390785478432086,-3.29529070854187
-0.6000000000000001,8.64757430416121e-10,2613.398572092139,483.2695161383806,39.73131063338137,294.42197627514213,0.0004744126287405003,1633077101789385956,validation,-3.323843758684028,-3.3204558,0.00338796911798811,-3.3230440616607666
-0.8,1.0272364839515192e-09,2572.148319494551,521.8227614311556,39.43236728729266,296.39638250989714,0.0004871500128137346,12816177013697617925,validation,-3.3123372816907133,-3.3148603,0.0025230622423921822,-3.3130133152008057
-2.0,8.836751126639038e-10,2477.068135205752,531.0701614185327,43.11434944357355,296.9231984392292,0.0005249893094866821,18058330792975761325,validation,-3.2798495401715937,-3.2848046,0.004955042424231504,-3.281000852584839
-2.4000000000000004,1.011801650795657e-09,2503.197375042157,521.464297637573,42.04226242943757,288.6545802497056,0.0005312131012450989,14082706842164037214,validation,-3.2747312225551584,-3.2761984,0.0014671645908377329,-3.276047945022583
0.0,9.775160845782078e-10,2577.8004715918664,488.1533623282412,40.35879763032958,294.16913853899604,0.0004474969731868,6898913632721408619,validation,-3.3492098978513454,-3.3540442,0.00483430113852279,-3.3468964099884033
-2.8000000000000003,8.836751126639038e-10,2477.068135205752,531.0701614185327,43.11434944357355,296.9231984392292,0.0005367246447445306,18058330792975761325,validation,-3.2702484627885604,-3.2719176,0.0016691187696671328,-3.270050525665283
0.0,1.0272364839515192e-09,2572.148319494551,521.8227614311556,39.43236728729266,296.39638250989714,0.0004453575797291,12816177013697617925,validation,-3.3512911518438173,-3.355103,0.0038118640558408856,-3.3508965969085693
-0.8,1.0882818479532783e-09,2447.508764517909,466.8571183944717,43.278933930679706,307.8168200832177,0.0004913762697608377,3262830124868165494,validation,-3.3085858209140824,-3.314366,0.005780281304545554,-3.307781219482422
-2.2,9.32148229008894e-10,2545.124905053194,512.7371789301767,40.07870713980076,299.5411124372077,0.0005083787794081707,7464429288297915064,validation,-3.293812585927386,-3.2876983,0.006114317037005268,-3.2915773391723633
-0.8,9.581806245172891e-10,2592.420375814081,497.997415088655,37.83724802001972,293.41915116225954,0.0004846890576508235,17533524623644286140,validation,-3.314536784806865,-3.3195877,0.0050509227126660505,-3.3195555210113525
-2.4000000000000004,1.0272364839515192e-09,2572.148319494551,521.8227614311556,39.43236728729266,296.39638250989714,0.0005215735303659961,12816177013697617925,validation,-3.2826844569764426,-3.2855952,0.0029107216276833547,-3.2888224124908447
-1.4,9.581806245172891e-10,2592.420375814081,497.997415088655,37.83724802001972,293.41915116225954,0.0005014290179995646,17533524623644286140,validation,-3.299790536767059,-3.303177,0.003386581534332578,-3.3053855895996094
0.0,8.688108546297864e-10,2646.5653288453154,498.36187777461095,39.94029005251662,299.6218359156308,0.000431094223638,6517130074721695667,validation,-3.3654277963503545,-3.3609784,0.004449431405896487,-3.3570568561553955
-0.4,8.836751126639038e-10,2477.068135205752,531.0701614185327,43.11434944357355,296.9231984392292,0.00047911459899094945,18058330792975761325,validation,-3.3195605956527845,-3.3090856,0.010474988124097973,-3.3164713382720947
-3.0,9.775160845782078e-10,2577.8004715918664,488.1533623282412,40.35879763032958,294.16913853899604,0.0005322316506326288,6898913632721408619,validation,-3.2738993024896685,-3.274539,0.0006396913457806797,-3.2767295837402344
-2.0,9.91880560193061e-10,2562.543459042286,488.1664551370801,40.47383155665718,295.6008889602198,0.0005184701847753551,16069905982438259650,validation,-3.285276213160851,-3.287958,0.0026816935621716276,-3.2874503135681152
-3.0,1.0882818479532783e-09,2447.508764517909,466.8571183944717,43.278933930679706,307.8168200832177,0.000534743114851244,3262830124868165494,validation,-3.2718547985308373,-3.2811608,0.009306032920578744,-3.2727880477905273
-0.2,1.011801650795657e-09,2503.197375042157,521.464297637573,42.04226242943757,288.6545802497056,0.0004695209516921161,14082706842164037214,validation,-3.3283450232035143,-3.3188217,0.0095233545786364,-3.326401472091675
-2.0,1.011801650795657e-09,2503.197375042157,521.464297637573,42.04226242943757,288.6545802497056,0.000525111190099075,14082706842164037214,validation,-3.2797487268157828,-3.2813237,0.001574944525159605,-3.2808101177215576
-2.4000000000000004,1.020786601528739e-09,2414.9946347184086,525.5036010755978,41.93453001893169,295.92616711681853,0.0005262738255140091,12935788499417564366,validation,-3.2787882292939714,-3.2780998,0.0006884539796403466,-3.2737786769866943
-1.0,8.836751126639038e-10,2477.068135205752,531.0701614185327,43.11434944357355,296.9231984392292,0.0005023242528814441,18058330792975761325,validation,-3.29901585302041,-3.2926326,0.006383273216943319,-3.297632932662964
0.0,9.308015570351787e-10,2751.659002613549,471.438867720947,38.31893407640898,299.3638589999156,0.0004385943484486,13806398585976261423,validation,-3.3579369687674805,-3.362127,0.004190096891088846,-3.363793134689331
-3.0,8.688108546297864e-10,2646.5653288453154,498.36187777461095,39.94029005251662,299.6218359156308,0.0005154107696434564,6517130074721695667,validation,-3.287846510992993,-3.2758484,0.011998122321117854,-3.282970428466797
-3.0,9.55415883814233e-10,2578.1734587821948,522.0121395253278,38.42173874228168,293.06092698472065,0.0005198798461651177,7069279127234648490,validation,-3.2840970182443034,-3.288207,0.0041100358938801484,-3.2855777740478516
-0.2,1.08604047901988e-09,2575.5622449220923,476.6697423761544,40.75046782180591,305.2870639056014,0.00045643943797455425,17451691503515762550,validation,-3.340616838060224,-3.3461964,0.0055795749799369965,-3.3412437438964844
-2.0,9.308015570351787e-10,2751.659002613549,471.438867720947,38.31893407640898,299.3638589999156,0.0005118441668036476,13806398585976261423,validation,-3.2908622417557765,-3.2912087,0.00034650229329580284,-3.301368236541748
-0.2,8.836751126639038e-10,2477.068135205752,531.0701614185327,43.11434944357355,296.9231984392292,0.0004678057625836025,18058330792975761325,validation,-3.3299344327131726,-3.318718,0.011216476170203826,-3.327618360519409
-2.0,9.32148229008894e-10,2545.124905053194,512.7371789301767,40.07870713980076,299.5411124372077,0.0005051848427595515,7464429288297915064,validation,-3.2965496882129823,-3.2908077,0.0057419642139588944,-3.2936713695526123
-0.2,9.775160845782078e-10,2577.8004715918664,488.1533623282412,40.35879763032958,294.16913853899604,0.0004621703163720787,6898913632721408619,validation,-3.3351979512190617,-3.3345122,0.0006857174849308478,-3.3339548110961914
-0.4,1.0991618704794608e-09,2475.161456337068,505.0064403774024,34.84085283436253,301.39850617403,0.00045138356096731483,4837710515318421738,test,-3.345454261632175,-3.3463876,0.0009333631084254002,-3.3358070850372314
-2.6,1.0976147775803618e-09,2495.918019735696,486.14991613464105,39.05845567786759,297.2376267822416,0.0005195138192802067,3779633422659776445,test,-3.2844028955421956,-3.2818277,0.002575207325032469,-3.280393123626709
-1.0,1.0976147775803618e-09,2495.918019735696,486.14991613464105,39.05845567786759,297.2376267822416,0.0004890231650392767,3779633422659776445,test,-3.3106705678488844,-3.3078241,0.002846433022224204,-3.3033134937286377
-0.6000000000000001,1.1425395479879979e-09,2554.3812528255967,503.27354733950745,40.19858533526689,297.9110382121584,0.00047562463714934073,13161242281976296834,test,-3.3227356572054028,-3.3206239,0.002111782541096119,-3.3181779384613037
0.0,1.0727653122619132e-09,2512.3283017034155,474.34077412964,42.74916053103488,290.5746947786968,0.0004503627785054,4757004652079025251,test,-3.3464375101587067,-3.3430622,0.0033753477594147263,-3.3416783809661865
-3.0,9.973807555784963e-10,2483.6702561944007,499.2076886794748,40.248277237816566,302.09732544564235,0.0005286342470648422,7286060296444835846,test,-3.276844704939656,-3.2767668,7.792790108185343e-05,-3.2789366245269775
-0.6000000000000001,9.973807555784963e-10,2483.6702561944007,499.2076886794748,40.248277237816566,302.09732544564235,0.0004788936367976517,7286060296444835846,test,-3.3197609335191522,-3.3216376,0.0018766969434942382,-3.318035364151001
-0.6000000000000001,1.050818199825069e-09,2510.995503216453,520.189852554912,38.50508417894045,294.1262317171733,0.0004747567102174998,17608710593314742079,test,-3.323528888223725,-3.323008,0.0005208277684025653,-3.3179802894592285
-2.4000000000000004,8.058950792540601e-10,2412.212725535436,472.1154567367515,38.858183000543626,295.7855807653235,0.000514421507259847,7296031158140813817,test,-3.288680882445784,-3.2826092,0.0060716581263258185,-3.2875173091888428
-0.8,8.595939611542648e-10,2643.7199291480506,484.396762738386,41.95641496228942,305.9180523366615,0.0004839754871105329,15230833052760599040,test,-3.3151766343932456,-3.3197775,0.00460085431525048,-3.315532922744751
-0.8,8.920412889937107e-10,2700.220283946353,481.8164609958477,41.48473029075561,294.1535226587993,0.00047900828838118217,2447368541047246097,test,-3.3196569718316398,-3.3090422,0.01061475648434973,-3.316769599914551
-0.6000000000000001,8.595939611542648e-10,2643.7199291480506,484.396762738386,41.95641496228942,305.9180523366615,0.000476257313375722,15230833052760599040,test,-3.322158342267855,-3.327304,0.005145544145719327,-3.3227033615112305
0.0,8.920412889937107e-10,2700.220283946353,481.8164609958477,41.48473029075561,294.1535226587993,0.0004366679984841,2447368541047246097,test,-3.359848634483562,-3.3574717,0.0023769300005298533,-3.3569931983947754
-2.4000000000000004,9.973807555784963e-10,2483.6702561944007,499.2076886794748,40.248277237816566,302.09732544564235,0.0005209938827051058,7286060296444835846,test,-3.2831673759768933,-3.2854671,0.0022997718502550946,-3.286093235015869
-1.6,1.0991618704794608e-09,2475.161456337068,505.0064403774024,34.84085283436253,301.39850617403,0.0004866292192634076,4837710515318421738,test,-3.3128018177564496,-3.3064697,0.006332138877665372,-3.3047661781311035
-1.0,9.454134520298419e-10,2570.8338282332857,490.849029568548,38.28868089781682,299.0569098093356,0.0004916186791582925,8778145279652222064,test,-3.3083716243591033,-3.312123,0.0037514358673371717,-3.310817003250122
-0.4,9.973807555784963e-10,2483.6702561944007,499.2076886794748,40.248277237816566,302.09732544564235,0.0004699828564809443,7286060296444835846,test,-3.32791798349304,-3.3292654,0.0013473725708026407,-3.3264589309692383
-1.2000000000000002,1.0727653122619132e-09,2512.3283017034155,474.34077412964,42.74916053103488,290.5746947786968,0.0005037209581634256,4757004652079025251,test,-3.2978099792090516,-3.2870154,0.010794541129217627,-3.2936594486236572
-0.2,1.050818199825069e-09,2510.995503216453,520.189852554912,38.50508417894045,294.1262317171733,0.0004553763207393986,17608710593314742079,test,-3.34162955615299,-3.3377159,0.003913691971471511,-3.336179733276367
0.0,1.0976147775803618e-09,2495.918019735696,486.14991613464105,39.05845567786759,297.2376267822416,0.0004422673483714,3779633422659776445,test,-3.3543151224562338,-3.354213,0.00010212311236168503,-3.3455240726470947
-0.4,8.058950792540601e-10,2412.212725535436,472.1154567367515,38.858183000543626,295.7855807653235,0.0004641143057643145,7296031158140813817,test,-3.333375044770482,-3.326612,0.006763049073460703,-3.3282740116119385
-2.2,1.0284216851224184e-09,2501.257472196243,454.39559500401634,39.58517778577758,297.0863250737395,0.0005172639996020982,5302328922938549098,test,-3.2862877464473157,-3.2847412,0.0015465831935315144,-3.2860946655273438
-1.2000000000000002,9.973807555784963e-10,2483.6702561944007,499.2076886794748,40.248277237816566,302.09732544564235,0.0004982037204577531,7286060296444835846,test,-3.3025930335874705,-3.3032212,0.0006281921510549182,-3.302481174468994
-1.0,8.058950792540601e-10,2412.212725535436,472.1154567367515,38.858183000543626,295.7855807653235,0.0004864426810215751,7296031158140813817,test,-3.3129683265829,-3.3047183,0.008250070586195868,-3.3087270259857178
-3.0,1.1154637147520875e-09,2350.383805501934,499.6014506673355,39.64774721352306,306.8220229508652,0.0005322851430675079,15425818973916266975,test,-3.273855655513973,-3.2833705,0.009514839328556235,-3.2793171405792236
-2.6,1.058962492367367e-09,2306.068264987093,513.3151002778768,40.55455133934368,303.4784744400111,0.0005334113296153695,11723817789070393620,test,-3.2729377641669855,-3.28143,0.008492241860236227,-3.276883363723755
-0.2,9.663377701466595e-10,2642.527368087266,478.3559331791431,43.40306406282464,301.888862689621,0.000456674870590183,13304175874445473708,test,-3.3403928856215552,-3.3400674,0.0003254989943579645,-3.336282253265381
-2.0,1.0976147775803618e-09,2495.918019735696,486.14991613464105,39.05845567786759,297.2376267822416,0.0005107650641611564,3779633422659776445,test,-3.291778815717371,-3.2898796,0.0018992552467897994,-3.288517951965332
0.0,1.1425395479879979e-09,2554.3812528255967,503.27354733950745,40.19858533526689,297.9110382121584,0.0004415571043773,13161242281976296834,test,-3.355013123315751,-3.3555496,0.0005364505825644628,-3.350543737411499
-1.4,9.973807555784963e-10,2483.6702561944007,499.2076886794748,40.248277237816566,302.09732544564235,0.0005030885930867965,7286060296444835846,test,-3.2983555296542195,-3.2998328,0.0014772912381144643,-3.298447847366333
-0.6000000000000001,1.0727653122619132e-09,2512.3283017034155,474.34077412964,42.74916053103488,290.5746947786968,0.00048461866837722805,4757004652079025251,test,-3.314599860076649,-3.3000722,0.01452766693089691,-3.310037851333618
-2.8000000000000003,1.1425395479879979e-09,2554.3812528255967,503.27354733950745,40.19858533526689,297.9110382121584,0.0005223495017691188,13161242281976296834,test,-3.282038815199828,-3.2775507,0.0044881178731679405,-3.2788941860198975
-0.6000000000000001,1.1065063764088472e-09,2603.202340784687,488.6799605874269,40.68035124967265,296.73843693227377,0.00048182059453564895,2359625090975412513,test,-3.317114640821616,-3.3193297,0.0022150977953274698,-3.3142457008361816
-1.0,1.1065063764088472e-09,2603.202340784687,488.6799605874269,40.68035124967265,296.73843693227377,0.0004957278474268396,2359625090975412513,test,-3.304756683991527,-3.3059773,0.0012206605214122312,-3.3030545711517334
0.0,9.454134520298419e-10,2570.8338282332857,490.849029568548,38.28868089781682,299.0569098093356,0.0004430485839494,8778145279652222064,test,-3.353548647176004,-3.3586206,0.0050719964397187844,-3.3556835651397705
-2.4000000000000004,1.0727653122619132e-09,2512.3283017034155,474.34077412964,42.74916053103488,290.5746947786968,0.0005262816478025931,4757004652079025251,test,-3.278781774191406,-3.2728434,0.005938413290527134,-3.2763218879699707
-0.4,9.454134520298419e-10,2570.8338282332857,490.849029568548,38.28868089781682,299.0569098093356,0.00046877957233237204,8778145279652222064,test,-3.3290313215134777,-3.3357997,0.006768372547801604,-3.331321954727173
-1.8,1.1065063764088472e-09,2603.202340784687,488.6799605874269,40.68035124967265,296.73843693227377,0.0005148295672503208,2359625090975412513,test,-3.2883365190230536,-3.2920182,0.003681656102068498,-3.2911806106567383
-1.6,9.973807555784963e-10,2483.6702561944007,499.2076886794748,40.248277237816566,302.09732544564235,0.0005074282072349194,7286060296444835846,test,-3.294625394611368,-3.2971041,0.0024787256431486604,-3.296189785003662
-2.2,1.050818199825069e-09,2510.995503216453,520.189852554912,38.50508417894045,294.1262317171733,0.0005129515524965031,17608710593314742079,test,-3.28992365141259,-3.289895,2.8593734367365897e-05,-3.288003444671631
-2.6,1.0284216851224184e-09,2501.257472196243,454.39559500401634,39.58517778577758,297.0863250737395,0.0005229138106180355,5302328922938549098,test,-3.281569887915995,-3.2787733,0.002796580115702163,-3.2812130451202393
-1.4,8.920412889937107e-10,2700.220283946353,481.8164609958477,41.48473029075561,294.1535226587993,0.0004960820172516001,2447368541047246097,test,-3.304446515656717,-3.2962966,0.008149919129617267,-3.304051637649536
-1.2000000000000002,1.0284216851224184e-09,2501.257472196243,454.39559500401634,39.58517778577758,297.0863250737395,0.0004974256526621005,5302328922938549098,test,-3.30327182155438,-3.3010879,0.0021839652616555405,-3.2987582683563232
-1.8,1.050818199825069e-09,2510.995503216453,520.189852554912,38.50508417894045,294.1262317171733,0.0005063458543395413,17608710593314742079,test,-3.295552741416448,-3.294573,0.0009796727976736364,-3.292827844619751
-2.6,1.050818199825069e-09,2510.995503216453,520.189852554912,38.50508417894045,294.1262317171733,0.0005185416202129795,17608710593314742079,test,-3.2852163796733773,-3.2861648,0.0009483809162222911,-3.283480167388916
-1.8,9.454134520298419e-10,2570.8338282332857,490.849029568548,38.28868089781682,299.0569098093356,0.0005103900331061194,8778145279652222064,test,-3.292097815104445,-3.2953098,0.003211966923753362,-3.297333002090454
-2.6,1.1154637147520875e-09,2350.383805501934,499.6014506673355,39.64774721352306,306.8220229508652,0.0005275203033417021,15425818973916266975,test,-3.277760820467093,-3.2869163,0.009155435483834573,-3.283529281616211
-0.4,8.920412889937107e-10,2700.220283946353,481.8164609958477,41.48473029075561,294.1535226587993,0.0004623950711701282,2447368541047246097,test,-3.334986803858773,-3.3238354,0.01115143093396842,-3.331799268722534
-3.0,1.1621717411232646e-09,2521.3696634346124,503.94444076752967,42.25069338145754,304.38892783295006,0.0005329482516114318,4374302465450070181,test,-3.2733149581979366,-3.2753654,0.002050394432678626,-3.2737135887145996
-0.6000000000000001,1.0284216851224184e-09,2501.257472196243,454.39559500401634,39.58517778577758,297.0863250737395,0.00047829604169135546,5302328922938549098,test,-3.3203032132712837,-3.3205264,0.0002231481941703528,-3.3134243488311768
-1.6,1.0727653122619132e-09,2512.3283017034155,474.34077412964,42.74916053103488,290.5746947786968,0.0005128171696400492,4757004652079025251,test,-3.29003744262516,-3.283215,0.00682239669620488,-3.2878880500793457
-1.0,9.663377701466595e-10,2642.527368087266,478.3559331791431,43.40306406282464,301.888862689621,0.0004916097498131771,13304175874445473708,test,-3.3083795125877113,-3.307997,0.00038252429120255727,-3.3057689666748047
-1.8,1.1621717411232646e-09,2521.3696634346124,503.94444076752967,42.25069338145754,304.38892783295006,0.0005151404029653135,4374302465450070181,test,-3.2880743866428834,-3.2968168,0.00874243922381579,-3.289501190185547
-0.4,9.663377701466595e-10,2642.527368087266,478.3559331791431,43.40306406282464,301.888862689621,0.00046804700244812794,13304175874445473708,test,-3.3297105318000932,-3.327733,0.0019774919441362115,-3.325091600418091
-1.6,1.058962492367367e-09,2306.068264987093,513.3151002778768,40.55455133934368,303.4784744400111,0.000517440379997854,11723817789070393620,test,-3.2861396828364042,-3.28604,9.961516367473777e-05,-3.288677930831909
-1.8,1.1154637147520875e-09,2350.383805501934,499.6014506673355,39.64774721352306,306.8220229508652,0.0005152997648719414,15425818973916266975,test,-3.287940055704735,-3.293594,0.005653827809669387,-3.2934253215789795
-1.8,8.920412889937107e-10,2700.220283946353,481.8164609958477,41.48473029075561,294.1535226587993,0.0005045037853072363,2447368541047246097,test,-3.2971355708901475,-3.2908523,0.006283262616832097,-3.2994468212127686
-2.8000000000000003,1.0976147775803618e-09,2495.918019735696,486.14991613464105,39.05845567786759,297.2376267822416,0.0005219939649689209,3779633422659776445,test,-3.2823345180625787,-3.2800076,0.002326917278276941,-3.277848720550537
-2.0,1.0284216851224184e-09,2501.257472196243,454.39559500401634,39.58517778577758,297.0863250737395,0.0005140516821890246,5302328922938549098,test,-3.2889932153215415,-3.287863,0.001130199193001502,-3.288992404937744
-2.2,1.1154637147520875e-09,2350.383805501934,499.6014506673355,39.64774721352306,306.8220229508652,0.0005219439458418089,15425818973916266975,test,-3.2823761355394154,-3.290892,0.00851575021803086,-3.2880122661590576
-3.0,1.1065063764088472e-09,2603.202340784687,488.6799605874269,40.68035124967265,296.73843693227377,0.0005324844894642348,2359625090975412513,test,-3.2736930381018077,-3.2733026,0.0003904830175791574,-3.2735681533813477
-1.8,1.0727653122619132e-09,2512.3283017034155,474.34077412964,42.74916053103488,290.5746947786968,0.0005166621200137575,4757004652079025251,test,-3.2867933783460637,-3.2813041,0.005489257328607611,-3.2854654788970947
-2.8000000000000003,1.0284216851224184e-09,2501.257472196243,454.39559500401634,39.58517778577758,297.0863250737395,0.000525416839172903,5302328922938549098,test,-3.2794960125497963,-3.2764676,0.003028450827994522,-3.2792394161224365
-1.4,8.595939611542648e-10,2643.7199291480506,484.396762738386,41.95641496228942,305.9180523366615,0.0005014355610110885,15230833052760599040,test,-3.299784869812897,-3.305847,0.006062059737273806,-3.3030712604522705
0.0,8.595939611542648e-10,2643.7199291480506,484.396762738386,41.95641496228942,305.9180523366615,0.0004401098938912,15230833052760599040,test,-3.3564388681694917,-3.3677387,0.01129985558539115,-3.3556275367736816
-2.4000000000000004,1.1154637147520875e-09,2350.383805501934,499.6014506673355,39.64774721352306,306.8220229508652,0.0005248471936303635,15425818973916266975,test,-3.2799671206374734,-3.2890072,0.009040066252175016,-3.285754442214966
0.0,9.973807555784963e-10,2483.6702561944007,499.2076886794748,40.248277237816566,302.09732544564235,0.0004442655288113,7286060296444835846,test,-3.352357382972991,-3.3533685,0.001011137763703207,-3.3518898487091064
-1.8,8.058950792540601e-10,2412.212725535436,472.1154567367515,38.858183000543626,295.7855807653235,0.0005048732624256817,7296031158140813817,test,-3.2968176284894213,-3.2901926,0.006625024424479875,-3.295891761779785
-2.0,1.0991618704794608e-09,2475.161456337068,505.0064403774024,34.84085283436253,301.39850617403,0.0004937055453568354,4837710515318421738,test,-3.3065319947080596,-3.3021727,0.0043593338804228665,-3.2998476028442383
-0.2,9.454134520298419e-10,2570.8338282332857,490.849029568548,38.28868089781682,299.0569098093356,0.0004577214599322789,8778145279652222064,test,-3.3393987255196342,-3.3436167,0.00421799849464799,-3.3422048091888428
-1.4,1.0976147775803618e-09,2495.918019735696,486.14991613464105,39.05845567786759,297.2376267822416,0.0004991945213746825,3779633422659776445,test,-3.3017301896513542,-3.2987607,0.0029695371092399725,-3.2955026626586914
-2.6,1.1065063764088472e-09,2603.202340784687,488.6799605874269,40.68035124967265,296.73843693227377,0.0005275227607715242,2359625090975412513,test,-3.2777587973303177,-3.278689,0.0009301102929732963,-3.2787957191467285
-1.8,8.595939611542648e-10,2643.7199291480506,484.396762738386,41.95641496228942,305.9180523366615,0.0005100654529245043,15230833052760599040,test,-3.2923740905294765,-3.2999232,0.007549091004336983,-3.2981979846954346
-0.6000000000000001,1.0991618704794608e-09,2475.161456337068,505.0064403774024,34.84085283436253,301.39850617403,0.00045971510641341446,4837710515318421738,test,-3.3375112249331935,-3.3387651,0.0012539194149510102,-3.328341007232666
-2.2,8.920412889937107e-10,2700.220283946353,481.8164609958477,41.48473029075561,294.1535226587993,0.0005113739312213256,2447368541047246097,test,-3.2912614151741675,-3.2845225,0.006738881757419435,-3.291996717453003
0.0,1.0284216851224184e-09,2501.257472196243,454.39559500401634,39.58517778577758,297.0863250737395,0.0004442757944297,5302328922938549098,test,-3.3523473478709467,-3.3553574,0.0030100606526128892,-3.3443543910980225
-0.2,1.1621717411232646e-09,2521.3696634346124,503.94444076752967,42.25069338145754,304.38892783295006,0.0004622672398998715,4374302465450070181,test,-3.3351068831893054,-3.3351915,8.460507668583972e-05,-3.33394455909729
-1.0,1.058962492367367e-09,2306.068264987093,513.3151002778768,40.55455133934368,303.4784744400111,0.0005029916273239591,11723817789070393620,test,-3.298439244044007,-3.2909234,0.007515887034119206,-3.300121307373047
-0.4,1.1154637147520875e-09,2350.383805501934,499.6014506673355,39.64774721352306,306.8220229508652,0.00047472768901025725,15425818973916266975,test,-3.3235554368435394,-3.3224597,0.0010957391201507072,-3.3252241611480713
-0.8,1.0284216851224184e-09,2501.257472196243,454.39559500401634,39.58517778577758,297.0863250737395,0.00048566340647292943,5302328922938549098,test,-3.313664618300878,-3.3127496,0.0009149940485588814,-3.3081817626953125
-0.6000000000000001,9.454134520298419e-10,2570.8338282332857,490.849029568548,38.28868089781682,299.0569098093356,0.0004777412544621028,8778145279652222064,test,-3.3208072544008704,-3.3277664,0.006959164056160816,-3.323176145553589
-0.6000000000000001,1.058962492367367e-09,2306.068264987093,513.3151002778768,40.55455133934368,303.4784744400111,0.0004894130983387299,11723817789070393620,test,-3.3103244116493102,-3.3025396,0.0077848246284362155,-3.31132173538208
-3.0,1.050818199825069e-09,2510.995503216453,520.189852554912,38.50508417894045,294.1262317171733,0.0005233491392335501,17608710593314742079,test,-3.2812084857914727,-3.2855606,0.004352122118683521,-3.2795348167419434
-3.0,8.595939611542648e-10,2643.7199291480506,484.396762738386,41.95641496228942,305.9180523366615,0.0005282972842877853,15230833052760599040,test,-3.2771216217981274,-3.274322,0.0027995888696605853,-3.2806951999664307
-2.8000000000000003,8.058950792540601e-10,2412.212725535436,472.1154567367515,38.858183000543626,295.7855807653235,0.0005196210150775065,7296031158140813817,test,-3.284313293034655,-3.2791302,0.005183072621446794,-3.283062219619751
-1.2000000000000002,1.050818199825069e-09,2510.995503216453,520.189852554912,38.50508417894045,294.1262317171733,0.0004935454588760924,17608710593314742079,test,-3.306672839691808,-3.3037622,0.002910642197301083,-3.302494764328003
-1.2000000000000002,1.1065063764088472e-09,2603.202340784687,488.6799605874269,40.68035124967265,296.73843693227377,0.0005013595634411928,2359625090975412513,test,-3.2998506964698127,-3.3014042,0.001553541277379722,-3.2987112998962402
-0.2,1.058962492367367e-09,2306.068264987093,513.3151002778768,40.55455133934368,303.4784744400111,0.0004697750598424757,11723817789070393620,test,-3.328110043455182,-3.3133318,0.014778201032696447,-3.329425811767578
-2.6,8.595939611542648e-10,2643.7199291480506,484.396762738386,41.95641496228942,305.9180523366615,0.0005231381003164754,15230833052760599040,test,-3.2813836490135952,-3.2834783,0.0020946110266879536,-3.286736249923706
-1.8,9.973807555784963e-10,2483.6702561944007,499.2076886794748,40.248277237816566,302.09732544564235,0.0005113174931940754,7286060296444835846,test,-3.2913093489364815,-3.2945263,0.003216989640788981,-3.294128656387329
-1.2000000000000002,1.058962492367367e-09,2306.068264987093,513.3151002778768,40.55455133934368,303.4784744400111,0.0005084263578485894,11723817789070393620,test,-3.2937719428318917,-3.2878807,0.00589128372849812,-3.2952158451080322
-2.2,1.1065063764088472e-09,2603.202340784687,488.6799605874269,40.68035124967265,296.73843693227377,0.0005217304388674973,2359625090975412513,test,-3.2825538248713437,-3.2856102,0.0030563741032656466,-3.284830093383789
-2.0,8.595939611542648e-10,2643.7199291480506,484.396762738386,41.95641496228942,305.9180523366615,0.0005137688543110626,15230833052760599040,test,-3.2892322270662295,-3.296534,0.007301834365655235,-3.2960259914398193
-1.4,1.1425395479879979e-09,2554.3812528255967,503.27354733950745,40.19858533526689,297.9110382121584,0.0004994945283164293,13161242281976296834,test,-3.3014692648654203,-3.2986717,0.002797542453310875,-3.2975590229034424
-0.4,1.058962492367367e-09,2306.068264987093,513.3151002778768,40.55455133934368,303.4784744400111,0.00048064562541069527,11723817789070393620,test,-3.318175006058951,-3.308615,0.009560036805411176,-3.318528890609741
-1.4,1.0727653122619132e-09,2512.3283017034155,474.34077412964,42.74916053103488,290.5746947786968,0.0005085368096348125,4757004652079025251,test,-3.2936776058824417,-3.2849655,0.008712090745722989,-3.290409564971924
-1.4,8.058950792540601e-10,2412.212725535436,472.1154567367515,38.858183000543626,295.7855807653235,0.000496728625136976,7296031158140813817,test,-3.303880812058689,-3.2958856,0.007995249161960594,-3.3002781867980957
-0.2,1.1065063764088472e-09,2603.202340784687,488.6799605874269,40.68035124967265,296.73843693227377,0.00046180377828708663,2359625090975412513,test,-3.3355425181868803,-3.3372536,0.0017110523697603242,-3.33258318901062
-2.2,9.663377701466595e-10,2642.527368087266,478.3559331791431,43.40306406282464,301.888862689621,0.0005180109333581428,13304175874445473708,test,-3.285661073754767,-3.2900882,0.004427102972528019,-3.2856295108795166
-2.8000000000000003,1.1065063764088472e-09,2603.202340784687,488.6799605874269,40.68035124967265,296.73843693227377,0.0005300952588066885,2359625090975412513,test,-3.275646080103513,-3.2756252,2.0851221677276044e-05,-3.2758872509002686
-1.4,1.058962492367367e-09,2306.068264987093,513.3151002778768,40.55455133934368,303.4784744400111,0.0005131978090495016,11723817789070393620,test,-3.2897152063885797,-3.2864895,0.0032257196942437893,-3.2912535667419434
-2.4000000000000004,8.595939611542648e-10,2643.7199291480506,484.396762738386,41.95641496228942,305.9180523366615,0.0005202618593107273,15230833052760599040,test,-3.2837780113095008,-3.2882004,0.004422367108467995,-3.289876699447632
-2.6,1.1621717411232646e-09,2521.3696634346124,503.94444076752967,42.25069338145754,304.38892783295006,0.000527929002773148,4374302465450070181,test,-3.277424478559098,-3.2836635,0.006239032717147097,-3.2783355712890625
-2.0,1.1154637147520875e-09,2350.383805501934,499.6014506673355,39.64774721352306,306.8220229508652,0.0005187757765808864,15425818973916266975,test,-3.2850203108124365,-3.2924151,0.007394831246889666,-3.2909035682678223
-0.2,1.0976147775803618e-09,2495.918019735696,486.14991613464105,39.05845567786759,297.2376267822416,0.00045641339396374674,3779633422659776445,test,-3.340641619207388,-3.3382273,0.002414347173696374,-3.3325626850128174
-2.6,9.454134520298419e-10,2570.8338282332857,490.849029568548,38.28868089781682,299.0569098093356,0.0005230130050635947,8778145279652222064,test,-3.281487511979505,-3.2845526,0.0030650621782100096,-3.2887444496154785
0.0,1.1154637147520875e-09,2350.383805501934,499.6014506673355,39.64774721352306,306.8220229508652,0.0004495588854154,15425818973916266975,test,-3.3472134141954433,-3.3366225,0.010590937617684482,-3.3493645191192627
-0.4,8.595939611542648e-10,2643.7199291480506,484.396762738386,41.95641496228942,305.9180523366615,0.00046701974068370463,15230833052760599040,test,-3.330664761642013,-3.3357265,0.005061737915482034,-3.3310465812683105
-1.0,9.973807555784963e-10,2483.6702561944007,499.2076886794748,40.248277237816566,302.09732544564235,0.0004926590489034099,7286060296444835846,test,-3.307453535907387,-3.307854,0.00040040124166074165,-3.307699203491211
-0.8,1.1425395479879979e-09,2554.3812528255967,503.27354733950745,40.19858533526689,297.9110382121584,0.00048293638993239936,13161242281976296834,test,-3.3161100686700653,-3.3131576,0.0029525102289031935,-3.3122398853302
-1.4,1.0284216851224184e-09,2501.257472196243,454.39559500401634,39.58517778577758,297.0863250737395,0.0005022830860578489,5302328922938549098,test,-3.2990514460797917,-3.297176,0.0018755618329655555,-3.2951109409332275
-0.2,8.595939611542648e-10,2643.7199291480506,484.396762738386,41.95641496228942,305.9180523366615,0.00045556985756452955,15230833052760599040,test,-3.341445018408684,-3.3465817,0.005136679055305127,-3.3420279026031494
-1.4,9.454134520298419e-10,2570.8338282332857,490.849029568548,38.28868089781682,299.0569098093356,0.0005020830050034823,8778145279652222064,test,-3.299224478801162,-3.3020263,0.0028017930189063733,-3.302027702331543
-0.6000000000000001,8.058950792540601e-10,2412.212725535436,472.1154567367515,38.858183000543626,295.7855807653235,0.00047289781824602406,7296031158140813817,test,-3.325232689634179,-3.3190517,0.006180947080467902,-3.3197383880615234
-0.4,1.0727653122619132e-09,2512.3283017034155,474.34077412964,42.74916053103488,290.5746947786968,0.0004758031980439177,4757004652079025251,test,-3.322572643239991,-3.307389,0.015183622320191326,-3.318154811859131
0.0,1.1621717411232646e-09,2521.3696634346124,503.94444076752967,42.25069338145754,304.38892783295006,0.0004474004517509,4374302465450070181,test,-3.349303581721678,-3.3536851,0.004381558888063353,-3.346810817718506
-2.8000000000000003,1.0991618704794608e-09,2475.161456337068,505.0064403774024,34.84085283436253,301.39850617403,0.0005045913955026709,4837710515318421738,test,-3.2970601595211213,-3.3033953,0.006335111780148228,-3.2911250591278076
-3.0,8.058950792540601e-10,2412.212725535436,472.1154567367515,38.858183000543626,295.7855807653235,0.0005219545572793073,7296031158140813817,test,-3.282367306158519,-3.278791,0.0035763553833723094,-3.281153440475464
-1.6,8.595939611542648e-10,2643.7199291480506,484.396762738386,41.95641496228942,305.9180523366615,0.0005059793461518923,15230833052760599040,test,-3.295867210502757,-3.3029153,0.007048124198781203,-3.300481081008911
-1.6,9.663377701466595e-10,2642.527368087266,478.3559331791431,43.40306406282464,301.888862689621,0.0005069586157472755,13304175874445473708,test,-3.295027491724186,-3.2995946,0.004567149007625559,-3.295340061187744
-0.4,1.1065063764088472e-09,2603.202340784687,488.6799605874269,40.68035124967265,296.73843693227377,0.0004728421428526408,2359625090975412513,test,-3.3252838231743627,-3.3272686,0.0019847772895045246,-3.321929931640625
-2.4000000000000004,1.0284216851224184e-09,2501.257472196243,454.39559500401634,39.58517778577758,297.0863250737395,0.0005202059585678769,5302328922938549098,test,-3.2838246775951085,-3.2816362,0.002188439496964012,-3.2834320068359375
0.0,1.1065063764088472e-09,2603.202340784687,488.6799605874269,40.68035124967265,296.73843693227377,0.0004470841787919,2359625090975412513,test,-3.349610698472269,-3.3573382,0.007727491606466241,-3.3458378314971924
-1.2000000000000002,1.1154637147520875e-09,2350.383805501934,499.6014506673355,39.64774721352306,306.8220229508652,0.00050241858136124,15425818973916266975,test,-3.298934307102418,-3.298419,0.0005153083841564765,-3.3011887073516846
-0.2,8.920412889937107e-10,2700.220283946353,481.8164609958477,41.48473029075561,294.1535226587993,0.0004513309683671034,2447368541047246097,test,-3.345504866059919,-3.3348613,0.010643587525983378,-3.3429274559020996
-1.0,1.0284216851224184e-09,2501.257472196243,454.39559500401634,39.58517778577758,297.0863250737395,0.0004919412016984305,5302328922938549098,test,-3.3080868023218937,-3.3061702,0.0019165771784610541,-3.3034327030181885
-1.6,1.0976147775803618e-09,2495.918019735696,486.14991613464105,39.05845567786759,297.2376267822416,0.0005034607495376432,3779633422659776445,test,-3.2980343819597593,-3.2955818,0.002452564332806162,-3.293306589126587
-0.8,1.0976147775803618e-09,2495.918019735696,486.14991613464105,39.05845567786759,297.2376267822416,0.00048285633477455713,3779633422659776445,test,-3.316182066548055,-3.3145154,0.0016667142989095218,-3.3085296154022217
-1.0,1.1154637147520875e-09,2350.383805501934,499.6014506673355,39.64774721352306,306.8220229508652,0.0004969976098283641,15425818973916266975,test,-3.303645699880045,-3.3024323,0.0012134012197666522,-3.306290864944458
-2.0,9.663377701466595e-10,2642.527368087266,478.3559331791431,43.40306406282464,301.888862689621,0.0005146796937588653,13304175874445473708,test,-3.2884629661241096,-3.293912,0.0054489677748161824,-3.289363145828247
0.0,1.0991618704794608e-09,2475.161456337068,505.0064403774024,34.84085283436253,301.39850617403,0.0004277916509926,4837710515318421738,test,-3.368767695601858,-3.3577769,0.010990815337575732,-3.3593673706054688
-2.6,1.0991618704794608e-09,2475.161456337068,505.0064403774024,34.84085283436253,301.39850617403,0.0005021799761056776,4837710515318421738,test,-3.2991406083100445,-3.3013713,0.002230727673231847,-3.293708562850952
-3.0,1.0976147775803618e-09,2495.918019735696,486.14991613464105,39.05845567786759,297.2376267822416,0.00052429708809037,3779633422659776445,test,-3.2804225543209817,-3.2791996,0.0012229541012551692,-3.2758543491363525
-2.2,1.1425395479879979e-09,2554.3812528255967,503.27354733950745,40.19858533526689,297.9110382121584,0.0005142505464769507,13161242281976296834,test,-3.288825238122693,-3.2867775,0.0020477417848021595,-3.287315845489502
-1.2000000000000002,8.058950792540601e-10,2412.212725535436,472.1154567367515,38.858183000543626,295.7855807653235,0.0004919001770691799,7296031158140813817,test,-3.3081230211077677,-3.2996695,0.008453516942118267,-3.304208278656006
-1.8,1.0976147775803618e-09,2495.918019735696,486.14991613464105,39.05845567786759,297.2376267822416,0.0005072945819204808,3779633422659776445,test,-3.294739776071327,-3.2927058,0.0020340017640760877,-3.291020393371582
-0.8,1.0727653122619132e-09,2512.3283017034155,474.34077412964,42.74916053103488,290.5746947786968,0.0004919627690826982,4757004652079025251,test,-3.3080677626670973,-3.2942545,0.013813221270002618,-3.3037242889404297
-2.6,9.663377701466595e-10,2642.527368087266,478.3559331791431,43.40306406282464,301.888862689621,0.0005238687828701656,13304175874445473708,test,-3.280777480214319,-3.2806668,0.00011065205880145257,-3.278691530227661
-0.6000000000000001,1.0976147775803618e-09,2495.918019735696,486.14991613464105,39.05845567786759,297.2376267822416,0.0004756396711236796,3779633422659776445,test,-3.3227219298489987,-3.3223562,0.0003657057889401294,-3.3142659664154053
0.0,8.058950792540601e-10,2412.212725535436,472.1154567367515,38.858183000543626,295.7855807653235,0.0004389993362607,7296031158140813817,test,-3.3575361363832394,-3.3496282,0.007907926315490421,-3.352555513381958
-3.0,1.1425395479879979e-09,2554.3812528255967,503.27354733950745,40.19858533526689,297.9110382121584,0.0005246793064408103,13161242281976296834,test,-3.280106064209879,-3.2755682,0.0045378173684484935,-3.276829242706299
-0.8,1.0991618704794608e-09,2475.161456337068,505.0064403774024,34.84085283436253,301.39850617403,0.0004666908621579872,4837710515318421738,test,-3.330970702550058,-3.3295338,0.0014368871661467608,-3.321814775466919
-1.0,1.1425395479879979e-09,2554.3812528255967,503.27354733950745,40.19858533526689,297.9110382121584,0.0004892010201550286,13161242281976296834,test,-3.310512645979093,-3.3069453,0.003567322035001208,-3.306781530380249
-0.4,1.1621717411232646e-09,2521.3696634346124,503.94444076752967,42.25069338145754,304.38892783295006,0.0004732993420006275,4374302465450070181,test,-3.3248640993048673,-3.3259358,0.0010717413018221933,-3.3232674598693848
-0.2,9.973807555784963e-10,2483.6702561944007,499.2076886794748,40.248277237816566,302.09732544564235,0.0004589649159188617,7286060296444835846,test,-3.338220511423939,-3.337423,0.000797425257557105,-3.338182210922241
-2.2,8.595939611542648e-10,2643.7199291480506,484.396762738386,41.95641496228942,305.9180523366615,0.0005171513308348584,15230833052760599040,test,-3.2863823533670873,-3.2926126,0.006230199275734982,-3.2930874824523926
-2.8000000000000003,9.663377701466595e-10,2642.527368087266,478.3559331791431,43.40306406282464,301.888862689621,0.0005264672003796743,13304175874445473708,test,-3.278628680770686,-3.275532,0.003096673553278695,-3.2752685546875
-3.0,1.058962492367367e-09,2306.068264987093,513.3151002778768,40.55455133934368,303.4784744400111,0.0005381548196970008,11723817789070393620,test,-3.269092765843753,-3.2779715,0.008878740275021446,-3.274033784866333
-0.8,8.058950792540601e-10,2412.212725535436,472.1154567367515,38.858183000543626,295.7855807653235,0.00048020476557328773,7296031158140813817,test,-3.318573534299999,-3.3113186,0.00725489835944737,-3.3134448528289795
-1.0,1.050818199825069e-09,2510.995503216453,520.189852554912,38.50508417894045,294.1262317171733,0.00048815107127608967,17608710593314742079,test,-3.3114457532672774,-3.3087766,0.002669136217106516,-3.3069682121276855
-0.8,1.1065063764088472e-09,2603.202340784687,488.6799605874269,40.68035124967265,296.73843693227377,0.0004893126173642503,2359625090975412513,test,-3.3104135854233427,-3.312005,0.0015914576064424146,-3.3083224296569824
-0.2,8.058950792540601e-10,2412.212725535436,472.1154567367515,38.858183000543626,295.7855807653235,0.0004533143020348675,7296031158140813817,test,-3.3436005787643013,-3.3343236,0.009276934126239755,-3.3394298553466797
-2.2,9.454134520298419e-10,2570.8338282332857,490.849029568548,38.28868089781682,299.0569098093356,0.0005172440155286501,8778145279652222064,test,-3.286304525385127,-3.2894456,0.0031411132714893597,-3.292145013809204
-3.0,1.0727653122619132e-09,2512.3283017034155,474.34077412964,42.74916053103488,290.5746947786968,0.0005338464054917488,4757004652079025251,test,-3.272583677133325,-3.2630332,0.009550525506738072,-3.2686588764190674
-1.2000000000000002,8.595939611542648e-10,2643.7199291480506,484.396762738386,41.95641496228942,305.9180523366615,0.0004963412849109145,15230833052760599040,test,-3.3042195993477335,-3.309245,0.005025510210372008,-3.306253671646118
-2.4000000000000004,9.663377701466595e-10,2642.527368087266,478.3559331791431,43.40306406282464,301.888862689621,0.0005210605758166127,13304175874445473708,test,-3.283111784927671,-3.2856126,0.0025007982327291955,-3.282114028930664
-2.4000000000000004,1.1065063764088472e-09,2603.202340784687,488.6799605874269,40.68035124967265,296.73843693227377,0.0005247441748325322,2359625090975412513,test,-3.280052373807266,-3.2821205,0.0020680924250338073,-3.2817389965057373
-1.8,9.663377701466595e-10,2642.527368087266,478.3559331791431,43.40306406282464,301.888862689621,0.0005110161368790702,13304175874445473708,test,-3.291565385487827,-3.297039,0.00547364649459503,-3.2927846908569336
-1.2000000000000002,1.1621717411232646e-09,2521.3696634346124,503.94444076752967,42.25069338145754,304.38892783295006,0.0005017262946564131,4374302465450070181,test,-3.299533137710665,-3.302985,0.0034518152159708215,-3.298065423965454
-1.4,1.1065063764088472e-09,2603.202340784687,488.6799605874269,40.68035124967265,296.73843693227377,0.0005063604697252968,2359625090975412513,test,-3.295540205933586,-3.2978969,0.0023566560964431993,-3.295545816421509
-2.2,9.973807555784963e-10,2483.6702561944007,499.2076886794748,40.248277237816566,302.09732544564235,0.0005180434764918398,7286060296444835846,test,-3.285633790818159,-3.288738,0.003104221495683568,-3.288546562194824
-2.0,1.058962492367367e-09,2306.068264987093,513.3151002778768,40.55455133934368,303.4784744400111,0.0005247139397941207,11723817789070393620,test,-3.2800773979795754,-3.2854614,0.0053840278016745735,-3.2837321758270264
-1.6,8.920412889937107e-10,2700.220283946353,481.8164609958477,41.48473029075561,294.1535226587993,0.0005005212375942678,2447368541047246097,test,-3.3005774902639464,-3.2935815,0.006996004515655407,-3.301743745803833
-2.8000000000000003,1.1621717411232646e-09,2521.3696634346124,503.94444076752967,42.25069338145754,304.38892783295006,0.0005305301564832336,4374302465450070181,test,-3.2752899248219625,-3.2794132,0.004123298444639101,-3.2755913734436035
-2.0,8.920412889937107e-10,2700.220283946353,481.8164609958477,41.48473029075561,294.1535226587993,0.0005081010305629638,2447368541047246097,test,-3.2940499242250034,-3.287854,0.006195968002469243,-3.2959625720977783
-2.4000000000000004,8.920412889937107e-10,2700.220283946353,481.8164609958477,41.48473029075561,294.1535226587993,0.0005143720538901388,2447368541047246097,test,-3.288722634895261,-3.2809515,0.007771134956296333,-3.2887446880340576
-1.4,1.1621717411232646e-09,2521.3696634346124,503.94444076752967,42.25069338145754,304.38892783295006,0.0005067022788878976,4374302465450070181,test,-3.2952471424703056,-3.3006146,0.005367452942902418,-3.2947092056274414
-2.8000000000000003,9.973807555784963e-10,2483.6702561944007,499.2076886794748,40.248277237816566,302.09732544564235,0.0005262642817402916,7286060296444835846,test,-3.278796105129029,-3.2791395,0.0003434136087641093,-3.2809863090515137
-1.2000000000000002,8.920412889937107e-10,2700.220283946353,481.8164609958477,41.48473029075561,294.1535226587993,0.0004911018158945723,2447368541047246097,test,-3.308828460021248,-3.299435,0.009393559737434387,-3.3073267936706543
-2.0,1.1621717411232646e-09,2521.3696634346124,503.94444076752967,42.25069338145754,304.38892783295006,0.0005187664747267835,4374302465450070181,test,-3.2850280979534485,-3.2944214,0.009393336449017298,-3.2869362831115723
-2.6,1.1425395479879979e-09,2554.3812528255967,503.27354733950745,40.19858533526689,297.9110382121584,0.0005198500574708565,13161242281976296834,test,-3.284121903679452,-3.2803204,0.003801497719368996,-3.2816734313964844
-3.0,9.454134520298419e-10,2570.8338282332857,490.849029568548,38.28868089781682,299.0569098093356,0.0005279585784637773,8778145279652222064,test,-3.277400149152312,-3.282766,0.00536595459219491,-3.2853763103485107
-0.4,1.1425395479879979e-09,2554.3812528255967,503.27354733950745,40.19858533526689,297.9110382121584,0.00046684505659459215,13161242281976296834,test,-3.3308272355613293,-3.328411,0.0024161332664074386,-3.325942039489746
-1.4,1.050818199825069e-09,2510.995503216453,520.189852554912,38.50508417894045,294.1262317171733,0.0004983044865007277,17608710593314742079,test,-3.3025052026267807,-3.3000343,0.002470918035105907,-3.298675775527954
-2.8000000000000003,1.058962492367367e-09,2306.068264987093,513.3151002778768,40.55455133934368,303.4784744400111,0.0005358698032387315,11723817789070393620,test,-3.2709407151644205,-3.279561,0.008620327621224,-3.2749581336975098
-2.4000000000000004,1.058962492367367e-09,2306.068264987093,513.3151002778768,40.55455133934368,303.4784744400111,0.0005307537805736188,11723817789070393620,test,-3.275106903659536,-3.2831995,0.008092645061777315,-3.279015302658081
-1.6,8.058950792540601e-10,2412.212725535436,472.1154567367515,38.858183000543626,295.7855807653235,0.000501026609036545,7296031158140813817,test,-3.3001392085621624,-3.2928696,0.007269640691068613,-3.2979578971862793
-2.2,1.058962492367367e-09,2306.068264987093,513.3151002778768,40.55455133934368,303.4784744400111,0.0005278664472409105,11723817789070393620,test,-3.2774759421688238,-3.2845898,0.007113825287230924,-3.281404495239258
-0.6000000000000001,9.663377701466595e-10,2642.527368087266,478.3559331791431,43.40306406282464,301.888862689621,0.00047728350209058266,13304175874445473708,test,-3.3212235773137357,-3.3195505,0.0016730630925443357,-3.3175547122955322
-1.0,8.920412889937107e-10,2700.220283946353,481.8164609958477,41.48473029075561,294.1535226587993,0.00048546596099719857,2447368541047246097,test,-3.3138412157443096,-3.3035395,0.010301701202683589,-3.311678886413574
-3.0,1.0991618704794608e-09,2475.161456337068,505.0064403774024,34.84085283436253,301.39850617403,0.0005068359247173557,4837710515318421738,test,-3.2951326097444684,-3.3071601,0.012027529339393883,-3.289189338684082
-1.6,9.454134520298419e-10,2570.8338282332857,490.849029568548,38.28868089781682,299.0569098093356,0.0005064504706283064,8778145279652222064,test,-3.295463020954457,-3.2984624,0.0029993699452011136,-3.2994701862335205
-2.8000000000000003,1.1154637147520875e-09,2350.383805501934,499.6014506673355,39.64774721352306,306.8220229508652,0.0005299917565795423,15425818973916266975,test,-3.2757308853046045,-3.2849088,0.009177886210288033,-3.2811975479125977
-2.0,9.973807555784963e-10,2483.6702561944007,499.2076886794748,40.248277237816566,302.09732544564235,0.0005148347372490777,7286060296444835846,test,-3.288332157792074,-3.2917774,0.003445214568155386,-3.2911720275878906
-0.8,9.454134520298419e-10,2570.8338282332857,490.849029568548,38.28868089781682,299.0569098093356,0.0004852216078179017,8778145279652222064,test,-3.3140598674362756,-3.3193982,0.005338297312869944,-3.3162455558776855
-1.2000000000000002,1.0976147775803618e-09,2495.918019735696,486.14991613464105,39.05845567786759,297.2376267822416,0.0004944170336464291,3779633422659776445,test,-3.305906575356097,-3.302673,0.0032334739309263227,-3.2985775470733643
-1.8,1.1425395479879979e-09,2554.3812528255967,503.27354733950745,40.19858533526689,297.9110382121584,0.0005076141552311307,13161242281976296834,test,-3.294466275755712,-3.2928843,0.0015819259327138901,-3.29291033744812
-1.6,1.1065063764088472e-09,2603.202340784687,488.6799605874269,40.68035124967265,296.73843693227377,0.0005108259248194605,2359625090975412513,test,-3.2917270700610706,-3.294916,0.0031888444744518907,-3.293307065963745
-1.6,1.1621717411232646e-09,2521.3696634346124,503.94444076752967,42.25069338145754,304.38892783295006,0.0005111433763850851,4374302465450070181,test,-3.2914572626069836,-3.298752,0.007294806866283032,-3.2920753955841064
-2.6,9.973807555784963e-10,2483.6702561944007,499.2076886794748,40.248277237816566,302.09732544564235,0.0005237245407281235,7286060296444835846,test,-3.2808970754147304,-3.2821655,0.0012684519290195873,-3.2835373878479004
-2.6,8.058950792540601e-10,2412.212725535436,472.1154567367515,38.858183000543626,295.7855807653235,0.000517116349775232,7296031158140813817,test,-3.286411730831853,-3.2805312,0.005880562847844217,-3.2853705883026123
-1.6,1.1154637147520875e-09,2350.383805501934,499.6014506673355,39.64774721352306,306.8220229508652,0.0005114627345784499,15425818973916266975,test,-3.291186003704556,-3.2946558,0.003469796161166716,-3.295405626296997
-1.8,1.0284216851224184e-09,2501.257472196243,454.39559500401634,39.58517778577758,297.0863250737395,0.0005105233986354337,5302328922938549098,test,-3.291984348258019,-3.2909026,0.0010817336645132514,-3.291189193725586
-1.2000000000000002,9.663377701466595e-10,2642.527368087266,478.3559331791431,43.40306406282464,301.888862689621,0.0004973590514832192,13304175874445473708,test,-3.3033299738850284,-3.3044927,0.0011627381358456645,-3.301352024078369
-1.0,1.0991618704794608e-09,2475.161456337068,505.0064403774024,34.84085283436253,301.39850617403,0.0004726492085533949,4837710515318421738,test,-3.3254610649916905,-3.3211975,0.004263555226065474,-3.315870523452759
-0.2,1.0284216851224184e-09,2501.257472196243,454.39559500401634,39.58517778577758,297.0863250737395,0.0004586077133676415,5302328922938549098,test,-3.3385586451036104,-3.3375032,0.001055450294650484,-3.3316755294799805
-2.8000000000000003,8.595939611542648e-10,2643.7199291480506,484.396762738386,41.95641496228942,305.9180523366615,0.0005258089866760788,15230833052760599040,test,-3.2791719955775465,-3.2787323,0.0004396957728589612,-3.283341646194458
-1.2000000000000002,1.0991618704794608e-09,2475.161456337068,505.0064403774024,34.84085283436253,301.39850617403,0.0004778659202136388,4837710515318421738,test,-3.3206939407931113,-3.3146853,0.006008596097066388,-3.3113842010498047
-0.2,1.1425395479879979e-09,2554.3812528255967,503.27354733950745,40.19858533526689,297.9110382121584,0.00045599104617137325,13161242281976296834,test,-3.341043685047281,-3.33748,0.0035636168404939994,-3.3370659351348877
-2.0,8.058950792540601e-10,2412.212725535436,472.1154567367515,38.858183000543626,295.7855807653235,0.0005083451211286586,7296031158140813817,test,-3.2938413402530395,-3.287605,0.006236293027087392,-3.2929580211639404
-2.8000000000000003,9.454134520298419e-10,2570.8338282332857,490.849029568548,38.28868089781682,299.0569098093356,0.0005255750529435873,8778145279652222064,test,-3.2793652572726075,-3.2830868,0.003721519460790912,-3.2867276668548584
-0.6000000000000001,8.920412889937107e-10,2700.220283946353,481.8164609958477,41.48473029075561,294.1535226587993,0.0004714451953491228,2447368541047246097,test,-3.326568785940094,-3.3159208,0.010647956167144645,-3.3234188556671143
-0.4,1.0976147775803618e-09,2495.918019735696,486.14991613464105,39.05845567786759,297.2376267822416,0.00046700372416902863,3779633422659776445,test,-3.330679656094252,-3.3301113,0.0005683909117570884,-3.3217265605926514
-2.2,1.0727653122619132e-09,2512.3283017034155,474.34077412964,42.74916053103488,290.5746947786968,0.0005233441240413746,4757004652079025251,test,-3.2812126476034646,-3.2761137,0.00509889905304961,-3.2792234420776367
-2.0,1.1065063764088472e-09,2603.202340784687,488.6799605874269,40.68035124967265,296.73843693227377,0.0005184428196539943,2359625090975412513,test,-3.285299136050535,-3.2889397,0.003640578381227666,-3.2881927490234375
-2.8000000000000003,1.050818199825069e-09,2510.995503216453,520.189852554912,38.50508417894045,294.1262317171733,0.0005210324356433511,17608710593314742079,test,-3.283135239881952,-3.2852862,0.002150948243658135,-3.2811732292175293
-2.2,1.1621717411232646e-09,2521.3696634346124,503.94444076752967,42.25069338145754,304.38892783295006,0.0005220788085355873,4374302465450070181,test,-3.282263934682101,-3.291395,0.009131014277249605,-3.2843780517578125
-1.0,8.595939611542648e-10,2643.7199291480506,484.396762738386,41.95641496228942,305.9180523366615,0.000490576582657135,15230833052760599040,test,-3.309293186389545,-3.3137321,0.004438960827251925,-3.310309410095215
-1.2000000000000002,1.1425395479879979e-09,2554.3812528255967,503.27354733950745,40.19858533526689,297.9110382121584,0.0004946742779030802,13161242281976296834,test,-3.3056806715140974,-3.302238,0.003442683995786844,-3.3015453815460205
-0.6000000000000001,1.1154637147520875e-09,2350.383805501934,499.6014506673355,39.64774721352306,306.8220229508652,0.0004834463670440262,15425818973916266975,test,-3.315651699013866,-3.315795,0.00014324574931778855,-3.3175816535949707
-2.4000000000000004,1.050818199825069e-09,2510.995503216453,520.189852554912,38.50508417894045,294.1262317171733,0.0005158561644765708,17608710593314742079,test,-3.2874713752761053,-3.2878096,0.0003382350907159548,-3.285858392715454
-0.8,1.1621717411232646e-09,2521.3696634346124,503.94444076752967,42.25069338145754,304.38892783295006,0.0004896948939590167,4374302465450070181,test,-3.3100744243399287,-3.311745,0.0016705040200566401,-3.3087146282196045
0.0,9.663377701466595e-10,2642.527368087266,478.3559331791431,43.40306406282464,301.888862689621,0.0004414108789407,13304175874445473708,test,-3.355156967491326,-3.3649914,0.009834458976569316,-3.3507587909698486
-2.4000000000000004,1.1425395479879979e-09,2554.3812528255967,503.27354733950745,40.19858533526689,297.9110382121584,0.0005171598047193531,13161242281976296834,test,-3.2863752372080324,-3.2835007,0.002874565821313624,-3.2845444679260254
-2.8000000000000003,8.920412889937107e-10,2700.220283946353,481.8164609958477,41.48473029075561,294.1535226587993,0.0005196917139830213,2447368541047246097,test,-3.284254207556857,-3.2740502,0.010203971808565804,-3.282604932785034
-3.0,9.663377701466595e-10,2642.527368087266,478.3559331791431,43.40306406282464,301.888862689621,0.0005288813344456043,13304175874445473708,test,-3.2766417600566835,-3.2705603,0.006081495469281162,-3.27266788482666
-1.8,1.0991618704794608e-09,2475.161456337068,505.0064403774024,34.84085283436253,301.39850617403,0.0004903452009900135,4837710515318421738,test,-3.3094980707845774,-3.303965,0.005532979079255096,-3.3022828102111816
-0.8,1.1154637147520875e-09,2350.383805501934,499.6014506673355,39.64774721352306,306.8220229508652,0.0004907603706754464,15425818973916266975,test,-3.309130514184336,-3.308436,0.0006945972837013592,-3.311636209487915
-3.0,8.920412889937107e-10,2700.220283946353,481.8164609958477,41.48473029075561,294.1535226587993,0.0005220689261712211,2447368541047246097,test,-3.2822721554657504,-3.2713943,0.010877902688650742,-3.2804179191589355
0.0,1.058962492367367e-09,2306.068264987093,513.3151002778768,40.55455133934368,303.4784744400111,0.0004552753702759,11723817789070393620,test,-3.3417258437453925,-3.3230975,0.018628376322907148,-3.3440325260162354
0.0,1.050818199825069e-09,2510.995503216453,520.189852554912,38.50508417894045,294.1262317171733,0.0004411819710331,17608710593314742079,test,-3.3553822433778615,-3.3523824,0.002999821884331233,-3.3482611179351807
-1.4,9.663377701466595e-10,2642.527368087266,478.3559331791431,43.40306406282464,301.888862689621,0.0005024353415174699,13304175874445473708,test,-3.298919819736242,-3.3019052,0.0029853354456426118,-3.297935724258423
-2.4000000000000004,9.454134520298419e-10,2570.8338282332857,490.849029568548,38.28868089781682,299.0569098093356,0.0005202462668262619,8778145279652222064,test,-3.2837910275076307,-3.286779,0.00298789934173449,-3.2904133796691895
-1.8,1.058962492367367e-09,2306.068264987093,513.3151002778768,40.55455133934368,303.4784744400111,0.0005212555224760086,11723817789070393620,test,-3.282949330832283,-3.2858593,0.0029100155574877107,-3.286334753036499
-0.8,1.058962492367367e-09,2306.068264987093,513.3151002778768,40.55455133934368,303.4784744400111,0.0004967353774616633,11723817789070393620,test,-3.303874908478199,-3.296002,0.00787299731486879,-3.305418014526367
-2.0,1.0727653122619132e-09,2512.3283017034155,474.34077412964,42.74916053103488,290.5746947786968,0.000520151532792589,4757004652079025251,test,-3.2838701173869085,-3.2789629,0.004907266816229772,-3.2824251651763916
-1.6,1.1425395479879979e-09,2554.3812528255967,503.27354733950745,40.19858533526689,297.9110382121584,0.0005037764398938007,13161242281976296834,test,-3.2977621470073624,-3.2957058,0.002056351719276428,-3.2951831817626953
-1.6,1.0284216851224184e-09,2501.257472196243,454.39559500401634,39.58517778577758,297.0863250737395,0.000506622738364477,5302328922938549098,test,-3.295315321997885,-3.2939236,0.0013917055885830365,-3.2929763793945312
-0.2,1.0727653122619132e-09,2512.3283017034155,474.34077412964,42.74916053103488,290.5746947786968,0.00046487051315293257,4757004652079025251,test,-3.3326680003454237,-3.3188343,0.013833695535853341,-3.328463315963745
-1.4,1.1154637147520875e-09,2350.383805501934,499.6014506673355,39.64774721352306,306.8220229508652,0.000507198373963633,15425818973916266975,test,-3.2948221474365633,-3.2960515,0.0012293547912198832,-3.29758620262146
-2.6,1.0727653122619132e-09,2512.3283017034155,474.34077412964,42.74916053103488,290.5746947786968,0.0005289951075608238,4757004652079025251,test,-3.2765483445416814,-3.269362,0.007186371732843533,-3.273571252822876
-1.0,1.0727653122619132e-09,2512.3283017034155,474.34077412964,42.74916053103488,290.5746947786968,0.0004982468742036866,4757004652079025251,test,-3.3025554172041907,-3.289945,0.012610530042935775,-3.298016309738159
-0.8,9.663377701466595e-10,2642.527368087266,478.3559331791431,43.40306406282464,301.888862689621,0.00048501294740485655,13304175874445473708,test,-3.31424666776592,-3.3129652,0.0012815131180929917,-3.3112924098968506
-0.2,1.1154637147520875e-09,2350.383805501934,499.6014506673355,39.64774721352306,306.8220229508652,0.00046400823618396157,15425818973916266975,test,-3.333474310614298,-3.3273017,0.006172569967935804,-3.3364288806915283
-0.8,1.050818199825069e-09,2510.995503216453,520.189852554912,38.50508417894045,294.1262317171733,0.00048197288587571295,17608710593314742079,test,-3.3169773929764577,-3.3153427,0.0016347282578297317,-3.31235671043396
-0.2,1.0991618704794608e-09,2475.161456337068,505.0064403774024,34.84085283436253,301.39850617403,0.00044126031431939035,4837710515318421738,test,-3.3553051299902004,-3.3505974,0.0047077483984034885,-3.3462023735046387
-1.4,1.0991618704794608e-09,2475.161456337068,505.0064403774024,34.84085283436253,301.39850617403,0.0004824932078095308,4837710515318421738,test,-3.3165087959608175,-3.309914,0.0065946838697530374,-3.307813882827759
-2.2,1.0991618704794608e-09,2475.161456337068,505.0064403774024,34.84085283436253,301.39850617403,0.0004967684027889658,4837710515318421738,test,-3.3038460354780135,-3.3010454,0.002800617692368945,-3.297574996948242
-1.2000000000000002,9.454134520298419e-10,2570.8338282332857,490.849029568548,38.28868089781682,299.0569098093356,0.0004971851761297017,8778145279652222064,test,-3.3034818285843857,-3.3064187,0.0029368287184707853,-3.3057656288146973
-2.4000000000000004,1.0976147775803618e-09,2495.918019735696,486.14991613464105,39.05845567786759,297.2376267822416,0.0005168349206944051,3779633422659776445,test,-3.2866481502906018,-3.2842774,0.0023707111731701147,-3.2831084728240967
-1.6,1.050818199825069e-09,2510.995503216453,520.189852554912,38.50508417894045,294.1262317171733,0.0005025409860063755,17608710593314742079,test,-3.298828512473598,-3.2971091,0.0017193854289203614,-3.2955429553985596
-2.8000000000000003,1.0727653122619132e-09,2512.3283017034155,474.34077412964,42.74916053103488,290.5746947786968,0.0005315094965103794,4757004652079025251,test,-3.2744889715071746,-3.2659705,0.008518502986056387,-3.270803689956665
-2.6,8.920412889937107e-10,2700.220283946353,481.8164609958477,41.48473029075561,294.1535226587993,0.000517134402057219,2447368541047246097,test,-3.2863965700858935,-3.2773588,0.009037799715410078,-3.2856736183166504
-2.4000000000000004,1.1621717411232646e-09,2521.3696634346124,503.94444076752967,42.25069338145754,304.38892783295006,0.0005251213834914496,4374302465450070181,test,-3.27974029642775,-3.2877524,0.008012093480087135,-3.281329870223999
-1.0,1.1621717411232646e-09,2521.3696634346124,503.94444076752967,42.25069338145754,304.38892783295006,0.0004961050629921974,4374302465450070181,test,-3.304426340755886,-3.3065333,0.002106995883518259,-3.302999973297119
-3.0,1.0284216851224184e-09,2501.257472196243,454.39559500401634,39.58517778577758,297.0863250737395,0.000527739467094879,5302328922938549098,test,-3.277580425814188,-3.2750971,0.002483294085061871,-3.278153657913208
-2.0,9.454134520298419e-10,2570.8338282332857,490.849029568548,38.28868089781682,299.0569098093356,0.0005139716081326584,8778145279652222064,test,-3.2890608708332816,-3.292324,0.003263195328827795,-3.294663906097412
-2.4000000000000004,1.0991618704794608e-09,2475.161456337068,505.0064403774024,34.84085283436253,301.39850617403,0.000499581232908954,4837710515318421738,test,-3.301393884543637,-3.3006985,0.0006953657905852673,-3.295781373977661
-0.8,9.973807555784963e-10,2483.6702561944007,499.2076886794748,40.248277237816566,302.09732544564235,0.00048631192749299827,7286060296444835846,test,-3.3130850786101744,-3.3141026,0.0010175710785462755,-3.3126931190490723
-2.0,1.1425395479879979e-09,2554.3812528255967,503.27354733950745,40.19858533526689,297.9110382121584,0.0005110848711005003,13161242281976296834,test,-3.2915069746401766,-3.2899349,0.001572101059243991,-3.2899575233459473
-2.2,1.0976147775803618e-09,2495.918019735696,486.14991613464105,39.05845567786759,297.2376267822416,0.0005139301638847251,3779633422659776445,test,-3.289095891705283,-3.287037,0.002058995953329923,-3.2859718799591064
-0.4,1.050818199825069e-09,2510.995503216453,520.189852554912,38.50508417894045,294.1262317171733,0.00046609365907291896,17608710593314742079,test,-3.3315268053454092,-3.3303964,0.0011303915423086508,-3.325535297393799
-2.0,1.050818199825069e-09,2510.995503216453,520.189852554912,38.50508417894045,294.1262317171733,0.0005097960207290036,17608710593314742079,test,-3.292603558788643,-3.2921855,0.0004180138209917139,-3.29036021232605
-2.2,8.058950792540601e-10,2412.212725535436,472.1154567367515,38.858183000543626,295.7855807653235,0.0005115102787278637,7296031158140813817,test,-3.2911456347769623,-3.285044,0.00610167992771915,-3.2897801399230957
-0.4,1.0284216851224184e-09,2501.257472196243,454.39559500401634,39.58517778577758,297.0863250737395,0.0004694451924125626,5302328922938549098,test,-3.328415104190653,-3.328489,7.396097963496828e-05,-3.321439027786255
-0.6000000000000001,1.1621717411232646e-09,2521.3696634346124,503.94444076752967,42.25069338145754,304.38892783295006,0.00048222726637255526,4374302465450070181,test,-3.316748237134928,-3.3184803,0.0017320160846763244,-3.3152360916137695
